1888	2176	1814	2287	2379	1733	2114	1962	2101	2058	1384	2683	3523	572	2941	1124	2116	2031	2052	2153	
1888	2176	1814	2287	2379	1733	2114	1963	2100	2058	1384	2683	3522	571	2941	1124	2116	2031	2052	2153	
1888	2176	1814	2288	2379	1733	2113	1962	2100	2057	1384	2683	3522	571	2941	1124	2117	2031	2052	2152	
1888	2176	1814	2287	2378	1733	2114	1963	2100	2058	1384	2683	3522	571	2941	1124	2116	2031	2052	2153	
1888	2176	1814	2287	2379	1733	2114	1962	2101	2057	1384	2683	3523	572	2941	1124	2116	2031	2052	2152	
1889	2176	1814	2287	2379	1733	2113	1962	2100	2058	1384	2683	3522	572	2941	1124	2116	2031	2052	2153	
1888	2176	1814	2287	2378	1733	2114	1962	2100	2057	1384	2683	3522	572	2941	1124	2116	2031	2052	2153	
1888	2176	1814	2288	2378	1734	2114	1962	2100	2057	1384	2683	3522	572	2941	1124	2116	2031	2052	2153	
1889	2176	1814	2288	2378	1734	2114	1962	2100	2057	1384	2683	3523	572	2941	1124	2116	2032	2052	2152	
1888	2176	1814	2287	2379	1733	2114	1962	2100	2057	1384	2683	3522	572	2941	1125	2116	2031	2052	2153	
1889	2176	1814	2287	2378	1733	2114	1962	2100	2058	1384	2683	3522	572	2941	1125	2116	2031	2052	2153	
1888	2176	1814	2287	2379	1733	2114	1962	2100	2058	1384	2683	3522	572	2941	1124	2116	2032	2052	2153	
1888	2176	1814	2287	2379	1733	2114	1962	2100	2057	1384	2683	3522	572	2941	1124	2116	2031	2052	2152	
1888	2176	1814	2287	2379	1733	2114	1962	2100	2057	1384	2683	3522	572	2941	1124	2116	2031	2052	2153	
1888	2176	1814	2287	2378	1733	2113	1962	2100	2057	1384	2683	3522	572	2941	1124	2116	2031	2052	2153	
1888	2176	1814	2287	2379	1733	2113	1962	2100	2057	1384	2683	3522	572	2941	1125	2116	2031	2052	2153	
1889	2176	1814	2287	2379	1733	2113	1962	2100	2057	1384	2683	3522	571	2941	1124	2117	2031	2052	2153	
1889	2176	1813	2287	2379	1734	2113	1962	2100	2057	1384	2683	3522	572	2941	1124	2117	2031	2052	2152	
1889	2176	1814	2287	2378	1733	2113	1961	2100	2057	1384	2683	3522	572	2941	1124	2117	2031	2052	2153	
1889	2176	1814	2287	2379	1733	2113	1962	2100	2058	1384	2683	3522	572	2941	1125	2117	2030	2052	2153	
1889	2176	1814	2287	2379	1733	2114	1961	2100	2057	1384	2683	3522	572	2941	1124	2117	2030	2052	2153	
1888	2176	1814	2287	2378	1733	2114	1961	2100	2058	1384	2683	3522	571	2941	1125	2117	2030	2052	2152	
1888	2176	1814	2287	2378	1733	2114	1961	2100	2057	1384	2683	3523	572	2941	1125	2117	2030	2052	2153	
1888	2176	1814	2287	2378	1734	2114	1961	2100	2057	1384	2683	3523	572	2941	1125	2117	2030	2052	2152	
1889	2176	1814	2287	2379	1733	2114	1961	2099	2057	1384	2683	3522	572	2941	1125	2117	2029	2052	2152	
1888	2176	1814	2287	2379	1733	2115	1961	2099	2057	1384	2683	3522	572	2941	1124	2117	2029	2052	2152	
1888	2176	1814	2287	2379	1733	2115	1961	2099	2057	1384	2683	3522	571	2941	1124	2117	2029	2052	2152	
1889	2176	1814	2287	2379	1733	2116	1961	2099	2057	1384	2683	3522	572	2940	1124	2117	2028	2052	2153	
1888	2176	1814	2287	2378	1733	2115	1961	2099	2057	1384	2683	3522	572	2941	1125	2117	2028	2052	2152	
1889	2176	1814	2287	2379	1733	2116	1961	2099	2057	1384	2683	3522	572	2941	1125	2117	2028	2052	2152	
1888	2176	1814	2287	2379	1734	2116	1961	2099	2057	1384	2683	3522	572	2941	1124	2117	2028	2052	2153	
1889	2176	1814	2287	2379	1733	2117	1961	2099	2057	1384	2683	3522	572	2941	1124	2117	2028	2052	2153	
1889	2176	1814	2287	2378	1733	2116	1961	2098	2057	1384	2683	3522	572	2941	1124	2117	2028	2052	2153	
1888	2176	1814	2287	2379	1733	2116	1961	2098	2057	1384	2683	3522	572	2941	1124	2117	2028	2052	2152	
1888	2176	1814	2287	2379	1733	2116	1961	2098	2056	1384	2683	3522	571	2941	1124	2117	2028	2052	2152	
1889	2176	1814	2287	2379	1733	2117	1961	2098	2056	1384	2683	3522	572	2941	1125	2117	2027	2052	2153	
1889	2176	1814	2287	2379	1734	2116	1961	2098	2056	1384	2683	3523	572	2941	1124	2117	2028	2052	2152	
1888	2176	1814	2287	2379	1733	2116	1961	2098	2056	1384	2683	3522	572	2941	1124	2117	2028	2052	2153	
1888	2176	1814	2287	2379	1733	2116	1961	2098	2057	1384	2683	3522	571	2941	1125	2118	2027	2052	2152	
1889	2176	1814	2287	2378	1733	2116	1961	2098	2056	1384	2683	3523	572	2941	1124	2117	2027	2052	2152	
1888	2176	1814	2287	2378	1734	2116	1961	2098	2057	1384	2683	3522	571	2941	1125	2117	2028	2052	2152	
1889	2176	1814	2287	2378	1733	2117	1961	2098	2057	1384	2683	3522	571	2941	1124	2117	2028	2052	2152	
1888	2176	1814	2287	2378	1734	2117	1961	2098	2057	1384	2683	3523	571	2941	1125	2117	2028	2052	2152	
1888	2176	1814	2287	2379	1733	2117	1961	2098	2057	1384	2683	3523	572	2940	1125	2117	2028	2052	2152	
1888	2176	1814	2287	2378	1733	2118	1961	2098	2057	1384	2683	3522	572	2940	1124	2117	2028	2052	2153	
1888	2176	1814	2287	2378	1733	2118	1961	2098	2057	1383	2684	3522	571	2941	1124	2117	2028	2052	2152	
1888	2176	1813	2287	2378	1733	2119	1961	2098	2057	1381	2685	3523	572	2940	1124	2117	2028	2052	2152	
1888	2176	1814	2287	2379	1733	2119	1961	2098	2057	1378	2688	3523	571	2940	1124	2118	2029	2052	2152	
1889	2176	1814	2287	2378	1733	2120	1962	2098	2057	1374	2691	3523	571	2940	1125	2117	2028	2052	2152	
1889	2176	1814	2287	2379	1733	2121	1961	2098	2058	1370	2696	3524	571	2939	1126	2117	2028	2052	2152	
1888	2176	1813	2287	2378	1734	2122	1961	2097	2059	1364	2702	3525	571	2938	1126	2118	2028	2052	2152	
1888	2176	1814	2287	2379	1733	2122	1962	2097	2060	1358	2708	3525	571	2935	1127	2117	2028	2052	2152	
1889	2176	1814	2287	2379	1733	2122	1962	2096	2062	1349	2714	3525	570	2932	1129	2117	2028	2052	2152	
1889	2176	1814	2287	2378	1734	2121	1962	2096	2065	1339	2719	3526	570	2926	1130	2117	2028	2052	2153	
1890	2176	1814	2287	2379	1733	2120	1963	2096	2068	1328	2725	3526	571	2917	1134	2118	2028	2052	2152	
1890	2176	1814	2287	2378	1733	2118	1963	2096	2072	1316	2732	3523	576	2905	1140	2118	2027	2052	2152	
1889	2176	1814	2287	2378	1733	2114	1963	2096	2076	1304	2741	3516	586	2891	1152	2117	2027	2052	2152	
1890	2176	1814	2287	2379	1733	2112	1963	2096	2078	1293	2751	3502	600	2876	1168	2117	2027	2052	2153	
1890	2176	1814	2287	2378	1733	2112	1963	2096	2081	1285	2758	3485	619	2859	1185	2117	2026	2052	2152	
1890	2176	1814	2287	2379	1733	2112	1963	2096	2084	1283	2761	3464	641	2845	1201	2118	2026	2052	2152	
1890	2176	1814	2287	2378	1733	2112	1964	2096	2084	1283	2761	3442	662	2830	1215	2118	2026	2052	2153	
1890	2175	1813	2287	2379	1733	2112	1964	2095	2086	1284	2761	3420	684	2817	1229	2119	2026	2052	2152	
1890	2175	1814	2287	2378	1734	2112	1965	2093	2085	1286	2760	3398	704	2804	1242	2119	2026	2052	2153	
1890	2175	1814	2287	2378	1734	2112	1966	2092	2085	1289	2760	3376	724	2789	1256	2120	2026	2052	2152	
1891	2175	1814	2287	2378	1733	2112	1966	2090	2086	1292	2758	3353	745	2775	1272	2120	2026	2052	2153	
1890	2175	1814	2287	2378	1733	2112	1967	2090	2086	1296	2755	3333	766	2760	1289	2120	2026	2052	2153	
1891	2175	1814	2287	2378	1733	2112	1968	2089	2086	1302	2749	3311	789	2746	1305	2120	2025	2052	2153	
1891	2175	1814	2287	2379	1733	2112	1969	2088	2086	1311	2743	3288	813	2730	1323	2120	2026	2052	2152	
1890	2175	1814	2287	2378	1733	2112	1969	2087	2086	1320	2733	3262	839	2713	1340	2120	2026	2052	2153	
1890	2175	1814	2287	2379	1733	2112	1969	2087	2086	1331	2722	3235	867	2699	1355	2120	2025	2052	2152	
1891	2175	1814	2287	2379	1734	2112	1968	2087	2087	1347	2706	3207	896	2686	1369	2120	2025	2052	2152	
1891	2175	1814	2287	2378	1733	2112	1968	2087	2087	1365	2688	3178	928	2673	1382	2120	2024	2052	2153	
1891	2175	1814	2288	2378	1734	2112	1968	2087	2088	1387	2665	3144	963	2662	1394	2120	2024	2052	2152	
1891	2175	1814	2287	2378	1733	2112	1968	2087	2088	1414	2639	3109	999	2651	1408	2120	2023	2052	2152	
1891	2175	1814	2287	2378	1733	2112	1968	2089	2088	1442	2610	3072	1039	2640	1421	2120	2022	2052	2153	
1891	2175	1814	2287	2378	1733	2112	1968	2089	2088	1470	2581	3033	1082	2626	1437	2120	2021	2052	2152	
1891	2175	1814	2287	2379	1733	2110	1968	2089	2088	1498	2553	2993	1126	2611	1454	2120	2020	2052	2152	
1891	2175	1814	2287	2379	1733	2110	1968	2089	2087	1523	2527	2949	1170	2593	1475	2120	2019	2052	2152	
1891	2175	1814	2287	2378	1734	2108	1968	2090	2088	1545	2504	2908	1215	2574	1495	2120	2019	2052	2152	
1891	2175	1814	2287	2378	1733	2108	1968	2089	2087	1566	2483	2865	1259	2555	1516	2120	2018	2052	2152	
1891	2175	1814	2288	2379	1733	2108	1968	2089	2088	1584	2464	2823	1303	2534	1539	2120	2017	2052	2152	
1891	2175	1813	2287	2379	1733	2108	1968	2089	2088	1601	2447	2781	1347	2512	1562	2120	2017	2052	2152	
1891	2174	1814	2287	2378	1733	2107	1968	2089	2087	1615	2429	2740	1388	2491	1585	2120	2017	2052	2153	
1891	2174	1813	2287	2378	1733	2107	1968	2089	2088	1628	2414	2704	1428	2471	1606	2120	2016	2052	2152	
1891	2174	1814	2287	2379	1733	2107	1967	2088	2087	1642	2400	2672	1461	2454	1624	2119	2016	2052	2153	
1891	2174	1814	2287	2379	1734	2105	1967	2087	2088	1656	2383	2647	1487	2443	1635	2119	2016	2052	2152	
1891	2174	1814	2287	2379	1733	2103	1965	2087	2087	1667	2368	2632	1499	2441	1637	2119	2016	2052	2152	
1891	2173	1814	2287	2379	1733	2101	1964	2087	2087	1675	2357	2629	1498	2446	1633	2119	2016	2052	2152	
1891	2173	1814	2287	2379	1733	2101	1965	2088	2086	1683	2348	2635	1492	2453	1626	2119	2016	2052	2152	
1891	2174	1813	2287	2379	1733	2100	1964	2088	2085	1687	2345	2646	1479	2463	1615	2119	2016	2052	2153	
1891	2174	1814	2287	2378	1733	2100	1964	2088	2085	1686	2346	2662	1463	2475	1602	2119	2016	2052	2152	
1891	2173	1813	2287	2378	1733	2100	1964	2089	2084	1686	2347	2679	1443	2488	1587	2119	2016	2052	2152	
1891	2173	1814	2287	2379	1733	2100	1963	2090	2084	1686	2349	2697	1422	2502	1572	2119	2017	2052	2153	
1891	2173	1813	2287	2378	1733	2101	1964	2090	2083	1683	2352	2720	1397	2518	1555	2119	2017	2052	2152	
1891	2173	1814	2287	2379	1734	2100	1964	2091	2081	1679	2357	2747	1369	2538	1537	2119	2017	2052	2153	
1891	2174	1814	2287	2378	1734	2101	1964	2091	2079	1671	2365	2778	1337	2558	1515	2119	2017	2052	2152	
1891	2173	1814	2287	2378	1733	2101	1963	2091	2077	1659	2378	2814	1298	2578	1492	2119	2016	2052	2152	
1891	2173	1813	2287	2378	1733	2101	1963	2091	2076	1642	2398	2855	1256	2599	1469	2119	2016	2052	2152	
1891	2174	1813	2287	2379	1733	2103	1964	2090	2075	1618	2425	2899	1210	2619	1449	2119	2016	2052	2152	
1891	2173	1813	2287	2379	1734	2104	1965	2089	2075	1585	2460	2948	1162	2635	1431	2119	2017	2052	2153	
1891	2174	1813	2287	2379	1733	2104	1966	2088	2075	1549	2500	3001	1112	2650	1413	2119	2018	2052	2152	
1891	2173	1814	2287	2379	1733	2104	1967	2085	2075	1506	2544	3052	1057	2666	1395	2119	2018	2052	2153	
1891	2173	1814	2287	2379	1733	2104	1968	2082	2075	1460	2592	3105	1000	2681	1377	2119	2019	2052	2152	
1891	2173	1814	2287	2379	1733	2105	1968	2079	2076	1416	2637	3161	942	2698	1359	2119	2020	2052	2152	
1891	2173	1814	2288	2378	1733	2104	1968	2077	2075	1374	2677	3213	888	2712	1342	2118	2020	2052	2152	
1891	2174	1814	2287	2378	1733	2104	1968	2076	2075	1338	2711	3261	840	2725	1328	2117	2020	2052	2152	
1891	2173	1813	2287	2379	1733	2104	1967	2075	2075	1311	2738	3299	800	2736	1315	2117	2021	2052	2152	
1891	2173	1814	2287	2378	1733	2103	1967	2073	2075	1292	2756	3327	770	2747	1302	2117	2022	2052	2153	
1891	2173	1814	2287	2379	1733	2104	1966	2073	2074	1285	2763	3346	746	2759	1286	2117	2024	2052	2152	
1891	2173	1814	2287	2378	1733	2104	1966	2073	2072	1286	2763	3361	729	2774	1268	2117	2026	2052	2153	
1891	2173	1814	2287	2378	1734	2106	1968	2072	2070	1289	2762	3374	710	2789	1251	2119	2027	2052	2152	
1891	2173	1814	2287	2378	1733	2110	1971	2072	2068	1291	2759	3384	691	2806	1234	2120	2029	2052	2152	
1891	2173	1813	2287	2378	1733	2116	1975	2072	2066	1294	2755	3402	670	2824	1217	2121	2029	2052	2152	
1891	2173	1814	2287	2378	1733	2120	1979	2072	2063	1299	2755	3423	648	2843	1201	2122	2029	2052	2153	
1891	2173	1814	2287	2378	1733	2125	1983	2072	2060	1303	2755	3446	624	2861	1186	2122	2029	2052	2152	
1891	2173	1814	2287	2379	1733	2128	1986	2072	2058	1305	2755	3470	600	2879	1170	2122	2029	2052	2152	
1891	2173	1814	2287	2378	1734	2129	1988	2072	2056	1305	2755	3493	578	2894	1155	2122	2029	2052	2152	
1891	2173	1813	2288	2378	1733	2129	1986	2073	2056	1308	2751	3510	568	2906	1148	2122	2032	2052	2152	
1890	2173	1813	2288	2378	1734	2127	1984	2074	2058	1314	2742	3514	568	2909	1144	2121	2032	2052	2152	
1891	2173	1812	2288	2378	1733	2124	1982	2077	2058	1323	2730	3515	569	2915	1138	2121	2029	2052	2152	
1891	2173	1813	2288	2378	1734	2122	1981	2079	2058	1332	2717	3516	570	2919	1133	2120	2027	2052	2152	
1891	2172	1813	2288	2379	1734	2120	1981	2081	2057	1344	2706	3516	570	2921	1133	2120	2027	2052	2152	
1892	2172	1813	2288	2378	1733	2119	1982	2083	2058	1355	2697	3516	570	2921	1133	2119	2026	2052	2152	
1891	2172	1813	2288	2378	1734	2119	1983	2086	2058	1363	2689	3516	570	2919	1135	2120	2026	2052	2152	
1891	2173	1813	2288	2378	1734	2120	1987	2090	2059	1371	2684	3517	571	2919	1139	2120	2026	2052	2152	
1891	2172	1813	2288	2378	1734	2122	1990	2092	2059	1379	2678	3517	570	2919	1141	2119	2027	2052	2152	
1891	2172	1813	2288	2378	1734	2124	1992	2093	2059	1385	2675	3517	571	2919	1143	2119	2027	2052	2152	
1892	2172	1812	2288	2378	1734	2126	1994	2093	2059	1389	2672	3517	571	2918	1146	2119	2027	2052	2152	
1891	2173	1813	2288	2378	1734	2125	1994	2094	2060	1391	2670	3517	570	2916	1148	2120	2027	2052	2152	
1891	2173	1813	2288	2379	1734	2125	1994	2095	2060	1394	2667	3517	571	2913	1150	2120	2028	2052	2152	
1891	2172	1812	2288	2378	1734	2125	1993	2096	2061	1398	2663	3517	571	2910	1153	2120	2028	2052	2152	
1891	2172	1812	2288	2378	1734	2124	1993	2098	2060	1402	2659	3518	570	2905	1157	2119	2029	2052	2152	
1891	2173	1812	2288	2378	1733	2123	1993	2099	2061	1408	2653	3518	570	2900	1161	2119	2029	2052	2152	
1891	2173	1812	2288	2378	1734	2121	1992	2099	2061	1414	2648	3518	570	2896	1167	2119	2030	2052	2152	
1889	2172	1812	2288	2379	1734	2121	1992	2100	2061	1418	2642	3518	570	2890	1171	2119	2030	2052	2152	
1889	2173	1812	2288	2378	1734	2120	1992	2101	2061	1422	2639	3518	570	2887	1175	2119	2031	2052	2152	
1889	2173	1813	2288	2378	1734	2120	1992	2102	2061	1424	2637	3518	570	2885	1177	2119	2033	2052	2152	
1889	2174	1812	2288	2378	1733	2120	1992	2102	2061	1424	2637	3518	570	2885	1176	2119	2033	2052	2152	
1889	2174	1813	2288	2378	1734	2119	1991	2102	2062	1423	2637	3518	570	2887	1174	2119	2033	2052	2152	
1889	2174	1812	2288	2378	1734	2119	1991	2102	2062	1423	2637	3518	570	2888	1173	2119	2033	2052	2152	
1889	2174	1812	2288	2379	1734	2119	1991	2102	2062	1423	2637	3518	570	2888	1173	2119	2033	2052	2152	
1888	2174	1812	2288	2378	1734	2119	1990	2102	2062	1424	2636	3518	570	2887	1174	2119	2033	2052	2152	
1888	2174	1812	2288	2378	1734	2118	1990	2103	2063	1426	2635	3518	571	2886	1175	2119	2034	2052	2152	
1889	2172	1812	2288	2378	1734	2118	1990	2104	2062	1427	2635	3518	571	2885	1176	2119	2035	2052	2152	
1888	2164	1812	2288	2378	1734	2115	1987	2104	2062	1427	2634	3518	570	2885	1175	2119	2035	2052	2152	
1888	2142	1812	2285	2378	1733	2112	1984	2104	2062	1426	2631	3518	571	2885	1171	2119	2035	2052	2152	
1889	2113	1812	2272	2378	1734	2109	1982	2105	2063	1427	2628	3518	572	2885	1169	2119	2035	2052	2152	
1888	2074	1812	2224	2379	1734	2106	1980	2106	2064	1427	2624	3518	573	2884	1169	2119	2035	2052	2152	
1888	2026	1812	2142	2378	1733	2104	1977	2108	2065	1428	2620	3518	574	2882	1169	2119	2035	2052	2152	
1888	1966	1812	2035	2378	1734	2102	1976	2108	2065	1429	2619	3518	575	2882	1169	2119	2036	2052	2152	
1888	1897	1812	1913	2378	1734	2102	1976	2108	2065	1428	2619	3518	574	2882	1168	2119	2036	2052	2152	
1888	1832	1812	1796	2378	1733	2102	1975	2107	2066	1427	2621	3518	574	2884	1165	2120	2038	2052	2152	
1888	1781	1812	1697	2378	1734	2101	1974	2107	2067	1423	2622	3521	573	2888	1159	2122	2039	2052	2152	
1888	1744	1812	1608	2378	1734	2101	1973	2109	2069	1420	2621	3521	574	2892	1155	2123	2039	2052	2152	
1888	1715	1812	1524	2378	1734	2101	1973	2110	2070	1419	2621	3521	574	2893	1153	2124	2040	2052	2152	
1888	1707	1812	1449	2378	1734	2100	1972	2110	2072	1420	2622	3521	574	2892	1153	2125	2041	2052	2152	
1888	1709	1812	1392	2378	1734	2101	1973	2111	2072	1420	2621	3521	574	2892	1154	2125	2041	2052	2152	
1888	1712	1812	1352	2378	1734	2102	1975	2112	2073	1421	2620	3521	574	2891	1155	2125	2042	2052	2152	
1888	1714	1812	1322	2378	1734	2104	1977	2114	2074	1425	2618	3520	574	2889	1158	2126	2042	2052	2152	
1888	1715	1812	1302	2378	1734	2109	1983	2116	2074	1435	2615	3518	575	2890	1162	2126	2043	2052	2152	
1888	1715	1812	1292	2378	1735	2118	1992	2121	2077	1446	2611	3517	577	2893	1168	2126	2043	2052	2152	
1888	1717	1812	1293	2378	1740	2129	2002	2124	2078	1454	2608	3518	578	2894	1173	2126	2043	2052	2152	
1886	1724	1812	1293	2378	1755	2137	2008	2125	2080	1455	2613	3518	577	2892	1180	2126	2044	2052	2153	
1886	1743	1812	1294	2378	1784	2145	2017	2125	2081	1455	2625	3517	575	2892	1188	2126	2045	2052	2152	
1886	1771	1812	1296	2378	1827	2155	2027	2123	2081	1454	2635	3517	570	2892	1194	2127	2047	2052	2152	
1886	1807	1812	1303	2378	1879	2163	2034	2124	2083	1456	2637	3517	569	2892	1199	2130	2049	2052	2152	
1886	1848	1812	1323	2378	1940	2167	2039	2129	2088	1457	2640	3517	569	2889	1204	2133	2054	2052	2152	
1886	1891	1812	1352	2378	2008	2167	2039	2134	2092	1460	2638	3517	568	2886	1208	2136	2058	2052	2152	
1886	1935	1812	1386	2378	2074	2166	2038	2137	2095	1464	2635	3517	569	2881	1212	2138	2060	2052	2153	
1886	1978	1812	1423	2378	2132	2166	2038	2141	2097	1466	2632	3517	569	2879	1215	2139	2063	2052	2153	
1885	2023	1812	1463	2378	2180	2166	2038	2144	2099	1467	2631	3517	569	2876	1219	2141	2065	2052	2152	
1885	2069	1812	1501	2378	2218	2167	2039	2146	2102	1468	2631	3517	568	2873	1222	2143	2068	2052	2152	
1883	2121	1812	1537	2378	2255	2167	2038	2147	2103	1468	2631	3517	568	2872	1223	2143	2068	2052	2152	
1883	2181	1812	1570	2378	2289	2167	2038	2147	2104	1468	2631	3517	568	2872	1223	2144	2069	2052	2152	
1882	2245	1812	1602	2378	2320	2165	2037	2148	2104	1467	2631	3518	568	2873	1221	2145	2070	2052	2152	
1881	2306	1812	1636	2378	2344	2163	2034	2148	2104	1467	2631	3517	569	2874	1219	2146	2070	2052	2153	
1880	2361	1812	1675	2378	2353	2162	2033	2148	2105	1467	2631	3517	569	2877	1215	2147	2072	2052	2152	
1880	2391	1812	1720	2378	2353	2160	2031	2148	2105	1465	2630	3517	569	2880	1211	2148	2073	2052	2153	
1879	2401	1812	1774	2378	2353	2160	2030	2148	2106	1464	2630	3517	569	2881	1207	2148	2074	2052	2152	
1879	2411	1812	1832	2378	2353	2160	2031	2147	2106	1462	2631	3517	569	2884	1204	2149	2073	2052	2153	
1879	2431	1812	1890	2378	2353	2159	2030	2148	2107	1460	2632	3517	569	2886	1201	2150	2074	2052	2152	
1878	2453	1812	1953	2378	2353	2159	2027	2147	2107	1457	2634	3518	569	2890	1196	2150	2074	2052	2152	
1878	2466	1812	2022	2378	2353	2156	2024	2146	2107	1453	2637	3518	569	2894	1190	2151	2073	2052	2152	
1878	2461	1812	2086	2378	2353	2155	2024	2146	2107	1449	2639	3518	569	2899	1184	2151	2072	2052	2152	
1878	2453	1812	2145	2378	2353	2155	2024	2145	2107	1445	2641	3518	569	2903	1179	2152	2070	2052	2153	
1878	2439	1812	2197	2378	2353	2155	2023	2145	2106	1444	2641	3518	570	2906	1174	2152	2069	2052	2152	
1878	2417	1812	2240	2378	2353	2156	2025	2145	2106	1445	2641	3518	569	2908	1174	2152	2068	2052	2152	
1878	2387	1812	2275	2378	2353	2157	2026	2145	2106	1447	2639	3518	569	2907	1175	2152	2067	2052	2152	
1878	2347	1812	2304	2378	2353	2158	2026	2146	2106	1448	2638	3517	570	2904	1179	2152	2068	2052	2152	
1878	2305	1812	2328	2378	2353	2159	2027	2147	2106	1450	2638	3517	570	2900	1183	2152	2069	2052	2152	
1878	2262	1811	2344	2378	2353	2159	2028	2147	2106	1452	2637	3518	569	2896	1188	2152	2070	2052	2152	
1878	2214	1812	2357	2378	2353	2159	2028	2148	2106	1455	2635	3518	569	2892	1194	2152	2070	2052	2152	
1879	2162	1812	2369	2378	2353	2158	2028	2149	2107	1459	2632	3517	570	2887	1199	2152	2073	2052	2152	
1878	2112	1812	2377	2378	2353	2158	2028	2150	2108	1463	2630	3517	570	2882	1204	2152	2075	2052	2152	
1878	2066	1812	2384	2378	2353	2158	2027	2152	2110	1466	2628	3517	569	2880	1209	2152	2078	2052	2152	
1878	2022	1811	2389	2378	2353	2157	2026	2153	2111	1467	2627	3517	569	2877	1212	2152	2080	2052	2152	
1878	1982	1812	2390	2378	2353	2157	2025	2154	2112	1467	2627	3517	569	2875	1213	2152	2080	2052	2152	
1878	1945	1812	2390	2378	2353	2157	2026	2154	2112	1467	2627	3517	569	2875	1212	2153	2080	2052	2153	
1878	1914	1811	2390	2378	2353	2156	2026	2154	2113	1467	2627	3517	569	2876	1212	2153	2081	2052	2152	
1878	1891	1812	2390	2378	2353	2157	2025	2154	2113	1467	2627	3517	569	2876	1212	2153	2081	2052	2152	
1878	1881	1812	2390	2378	2353	2157	2026	2154	2113	1467	2627	3517	569	2876	1212	2153	2082	2052	2152	
1878	1881	1812	2391	2378	2353	2156	2025	2154	2113	1466	2627	3517	569	2876	1212	2153	2081	2052	2152	
1877	1883	1812	2391	2378	2353	2157	2026	2154	2113	1466	2627	3517	569	2876	1212	2153	2081	2053	2152	
1878	1884	1811	2391	2378	2353	2157	2026	2154	2113	1466	2627	3517	569	2876	1212	2153	2082	2052	2152	
1878	1884	1810	2391	2378	2353	2157	2027	2155	2114	1467	2627	3517	569	2876	1212	2153	2082	2052	2152	
1878	1884	1809	2392	2378	2353	2157	2026	2156	2114	1467	2627	3517	569	2876	1212	2153	2082	2052	2152	
1878	1885	1808	2391	2377	2353	2158	2028	2156	2115	1466	2627	3517	569	2877	1212	2154	2082	2052	2152	
1878	1885	1808	2390	2373	2353	2159	2028	2156	2116	1466	2628	3517	569	2879	1211	2154	2082	2052	2152	
1880	1884	1813	2387	2368	2353	2159	2028	2156	2116	1466	2628	3517	569	2878	1211	2154	2082	2052	2152	
1883	1883	1824	2382	2363	2353	2158	2027	2156	2116	1465	2628	3517	569	2878	1210	2154	2082	2052	2152	
1890	1883	1849	2372	2358	2353	2158	2028	2156	2116	1467	2628	3517	569	2878	1210	2154	2082	2052	2152	
1896	1884	1878	2356	2349	2353	2159	2028	2156	2116	1466	2628	3517	569	2880	1210	2154	2082	2052	2152	
1903	1887	1912	2340	2331	2353	2159	2028	2156	2115	1466	2628	3517	569	2880	1210	2154	2082	2052	2152	
1908	1895	1950	2321	2309	2353	2158	2028	2156	2116	1465	2629	3517	569	2880	1209	2155	2082	2052	2153	
1910	1908	1993	2294	2279	2353	2158	2027	2156	2116	1466	2629	3517	569	2880	1209	2154	2083	2052	2152	
1911	1925	2040	2264	2243	2353	2158	2027	2156	2116	1466	2629	3517	569	2880	1209	2154	2082	2052	2152	
1912	1948	2087	2230	2198	2353	2158	2027	2156	2116	1466	2629	3517	569	2880	1209	2155	2082	2052	2152	
1913	1972	2133	2197	2146	2353	2158	2027	2156	2116	1465	2628	3517	569	2880	1209	2155	2082	2052	2152	
1916	1998	2176	2160	2088	2353	2159	2027	2156	2116	1466	2628	3517	569	2879	1210	2154	2082	2052	2152	
1923	2022	2216	2124	2024	2353	2158	2027	2156	2116	1466	2628	3517	569	2879	1210	2154	2083	2052	2152	
1930	2041	2250	2089	1957	2353	2159	2028	2156	2115	1466	2628	3517	569	2879	1211	2154	2083	2052	2152	
1940	2057	2277	2053	1885	2353	2160	2029	2156	2116	1466	2628	3517	569	2879	1210	2155	2082	2052	2152	
1961	2068	2299	2021	1817	2353	2161	2030	2156	2116	1466	2628	3517	569	2880	1210	2154	2083	2052	2152	
1989	2076	2322	1993	1756	2354	2162	2031	2156	2116	1465	2628	3517	569	2880	1211	2155	2082	2052	2152	
2024	2082	2349	1969	1701	2354	2162	2032	2157	2116	1465	2628	3517	569	2880	1210	2154	2083	2052	2152	
2064	2087	2382	1950	1661	2354	2163	2032	2156	2115	1465	2629	3517	569	2880	1210	2154	2082	2052	2152	
2107	2094	2413	1936	1635	2355	2164	2034	2156	2116	1465	2629	3517	569	2881	1209	2155	2082	2052	2152	
2153	2107	2445	1926	1628	2356	2164	2034	2157	2116	1464	2630	3517	569	2881	1209	2155	2082	2052	2152	
2198	2130	2474	1917	1628	2360	2164	2034	2157	2116	1465	2630	3517	569	2881	1210	2155	2082	2052	2152	
2236	2159	2500	1909	1626	2368	2164	2034	2156	2116	1464	2630	3517	569	2881	1209	2155	2082	2052	2152	
2268	2196	2520	1905	1625	2378	2164	2033	2157	2116	1464	2630	3517	569	2881	1209	2155	2082	2052	2152	
2286	2237	2531	1905	1622	2390	2163	2032	2157	2116	1465	2630	3517	569	2880	1210	2155	2082	2052	2152	
2291	2281	2539	1907	1611	2402	2161	2031	2156	2116	1466	2629	3517	569	2880	1210	2155	2082	2052	2152	
2291	2321	2545	1913	1588	2408	2158	2027	2157	2115	1466	2629	3517	569	2879	1211	2155	2083	2052	2152	
2290	2355	2546	1925	1549	2409	2157	2026	2156	2115	1466	2628	3517	569	2878	1211	2155	2083	2052	2152	
2286	2381	2546	1943	1500	2410	2158	2026	2156	2116	1466	2628	3517	569	2877	1211	2155	2083	2052	2152	
2279	2403	2547	1963	1450	2410	2158	2027	2156	2115	1466	2628	3517	569	2878	1211	2155	2082	2052	2152	
2268	2418	2546	1987	1403	2410	2158	2027	2156	2116	1466	2628	3517	569	2878	1211	2155	2083	2052	2152	
2254	2426	2544	2012	1353	2410	2158	2026	2156	2116	1466	2628	3517	569	2878	1211	2155	2083	2052	2152	
2235	2427	2537	2038	1301	2410	2158	2026	2156	2116	1466	2628	3517	569	2878	1211	2155	2083	2052	2152	
2215	2427	2528	2064	1250	2409	2156	2025	2156	2116	1466	2628	3517	569	2877	1211	2155	2083	2052	2152	
2191	2424	2516	2082	1208	2410	2155	2023	2156	2115	1466	2628	3517	569	2876	1211	2155	2083	2052	2152	
2165	2415	2501	2099	1175	2410	2153	2021	2156	2115	1466	2627	3517	569	2875	1211	2155	2083	2052	2152	
2137	2399	2486	2115	1153	2410	2150	2019	2156	2115	1466	2625	3517	569	2872	1213	2155	2084	2052	2152	
2106	2380	2468	2129	1142	2410	2147	2016	2156	2116	1466	2621	3517	569	2866	1216	2155	2085	2052	2152	
2073	2358	2448	2144	1139	2409	2145	2014	2156	2116	1467	2619	3517	569	2863	1220	2153	2087	2052	2152	
2036	2336	2421	2159	1137	2410	2143	2011	2157	2116	1466	2618	3520	569	2860	1223	2152	2088	2052	2152	
1999	2318	2395	2173	1138	2410	2142	2009	2157	2116	1465	2618	3520	569	2858	1224	2152	2091	2052	2152	
1968	2298	2372	2184	1142	2410	2141	2008	2157	2116	1465	2618	3521	569	2858	1225	2152	2091	2052	2152	
1945	2271	2348	2191	1152	2410	2142	2009	2157	2117	1465	2618	3520	569	2859	1224	2152	2091	2052	2152	
1939	2240	2323	2199	1172	2409	2142	2009	2157	2118	1464	2618	3520	569	2859	1224	2152	2091	2052	2152	
1939	2207	2294	2208	1200	2410	2142	2009	2157	2118	1465	2619	3520	569	2859	1224	2152	2091	2052	2152	
1939	2172	2262	2219	1233	2409	2143	2010	2157	2118	1464	2619	3520	569	2859	1224	2152	2091	2052	2152	
1940	2138	2227	2235	1272	2410	2142	2010	2157	2118	1465	2619	3520	569	2859	1224	2152	2091	2052	2152	
1943	2103	2192	2252	1321	2409	2142	2010	2157	2118	1465	2619	3520	569	2859	1224	2153	2091	2052	2152	
1950	2066	2159	2265	1378	2410	2143	2010	2157	2118	1464	2619	3521	569	2859	1224	2152	2091	2052	2152	
1960	2029	2130	2275	1444	2410	2143	2010	2157	2118	1465	2619	3521	569	2859	1223	2152	2091	2052	2152	
1972	1993	2102	2283	1519	2410	2143	2010	2157	2118	1465	2619	3520	569	2859	1224	2152	2091	2052	2152	
1987	1958	2077	2289	1600	2410	2143	2010	2157	2118	1464	2619	3520	569	2859	1224	2152	2091	2052	2152	
2003	1923	2053	2295	1686	2409	2143	2011	2157	2118	1464	2619	3521	569	2859	1224	2152	2091	2052	2152	
2018	1889	2026	2303	1774	2409	2143	2011	2157	2118	1464	2619	3520	569	2859	1224	2152	2091	2052	2152	
2031	1858	2000	2310	1862	2406	2145	2011	2157	2119	1465	2619	3520	569	2859	1224	2152	2091	2052	2152	
2040	1827	1976	2316	1947	2402	2146	2013	2157	2119	1465	2620	3520	569	2860	1224	2153	2091	2052	2153	
2049	1796	1956	2324	2029	2395	2148	2016	2157	2119	1467	2620	3520	569	2862	1223	2153	2091	2052	2152	
2059	1763	1940	2329	2106	2388	2151	2018	2158	2119	1467	2620	3520	569	2863	1224	2153	2091	2052	2152	
2071	1728	1932	2330	2174	2377	2152	2020	2159	2120	1467	2620	3520	569	2863	1225	2153	2091	2052	2152	
2083	1694	1930	2329	2234	2362	2154	2022	2160	2121	1467	2620	3520	569	2863	1225	2153	2091	2052	2153	
2099	1663	1931	2327	2277	2344	2155	2023	2161	2121	1468	2620	3520	569	2862	1226	2154	2091	2052	2153	
2122	1634	1935	2319	2305	2326	2155	2023	2162	2120	1469	2621	3520	569	2862	1228	2154	2091	2052	2152	
2153	1610	1944	2300	2320	2311	2155	2023	2162	2121	1469	2620	3520	569	2862	1228	2154	2092	2052	2153	
2191	1589	1958	2274	2324	2297	2155	2023	2162	2121	1468	2620	3520	569	2862	1228	2154	2092	2052	2152	
2232	1573	1976	2241	2323	2285	2155	2024	2163	2121	1468	2621	3520	569	2862	1227	2155	2092	2052	2152	
2278	1554	1996	2204	2323	2273	2155	2026	2162	2122	1469	2622	3520	568	2864	1226	2157	2091	2052	2152	
2327	1532	2018	2166	2323	2257	2156	2029	2163	2122	1469	2624	3518	569	2867	1225	2159	2091	2052	2152	
2380	1511	2046	2125	2323	2240	2159	2032	2165	2123	1469	2626	3518	569	2870	1222	2160	2091	2052	2152	
2433	1493	2080	2079	2322	2225	2162	2033	2164	2123	1469	2628	3518	569	2873	1221	2160	2090	2052	2152	
2486	1481	2118	2023	2322	2214	2163	2035	2165	2123	1468	2629	3518	568	2875	1219	2160	2090	2052	2152	
2537	1473	2154	1960	2322	2204	2165	2035	2165	2123	1467	2630	3518	568	2876	1218	2161	2089	2052	2152	
2586	1468	2189	1892	2322	2198	2166	2036	2165	2123	1467	2630	3518	569	2876	1218	2161	2089	2052	2152	
2632	1463	2220	1822	2320	2197	2165	2036	2165	2123	1468	2630	3518	568	2876	1219	2160	2089	2052	2152	
2677	1456	2247	1752	2318	2196	2165	2036	2165	2123	1469	2629	3518	569	2875	1220	2161	2089	2052	2152	
2718	1446	2271	1684	2313	2197	2165	2036	2165	2123	1469	2629	3518	569	2873	1220	2160	2089	2053	2152	
2756	1433	2294	1622	2304	2197	2165	2035	2165	2123	1469	2628	3518	569	2873	1220	2161	2089	2052	2152	
2792	1411	2316	1565	2292	2197	2164	2034	2165	2122	1470	2628	3518	569	2872	1222	2161	2090	2052	2152	
2822	1387	2335	1520	2275	2196	2164	2034	2165	2123	1470	2628	3518	569	2872	1222	2161	2090	2052	2152	
2844	1358	2352	1483	2253	2197	2164	2034	2165	2123	1470	2627	3518	568	2871	1222	2161	2090	2052	2152	
2858	1323	2369	1454	2223	2196	2163	2033	2165	2123	1470	2627	3518	569	2871	1223	2160	2090	2052	2152	
2866	1284	2383	1436	2190	2194	2162	2032	2165	2123	1470	2627	3518	569	2870	1222	2161	2089	2052	2153	
2872	1238	2397	1424	2158	2188	2162	2032	2165	2123	1470	2627	3518	569	2870	1222	2160	2090	2052	2153	
2872	1195	2411	1417	2132	2177	2162	2032	2165	2123	1470	2627	3518	569	2870	1223	2160	2090	2052	2152	
2872	1152	2422	1414	2113	2161	2162	2032	2165	2123	1470	2627	3518	568	2870	1223	2160	2090	2052	2152	
2872	1112	2430	1414	2099	2144	2162	2032	2165	2123	1469	2627	3520	569	2870	1223	2160	2089	2052	2152	
2872	1080	2437	1415	2092	2127	2162	2032	2165	2123	1470	2627	3518	568	2870	1222	2160	2090	2052	2152	
2872	1058	2442	1415	2091	2113	2161	2031	2165	2123	1470	2626	3518	569	2870	1222	2161	2090	2052	2153	
2872	1045	2445	1415	2090	2103	2161	2031	2164	2123	1470	2627	3518	569	2870	1222	2160	2090	2052	2152	
2872	1040	2446	1415	2088	2100	2160	2031	2165	2123	1470	2626	3518	569	2870	1222	2160	2089	2052	2152	
2872	1040	2447	1416	2087	2100	2160	2031	2165	2123	1470	2626	3518	569	2870	1222	2160	2090	2052	2152	
2872	1041	2448	1416	2087	2099	2160	2030	2165	2123	1470	2627	3518	569	2870	1222	2161	2090	2052	2152	
2872	1044	2448	1420	2087	2095	2160	2030	2164	2123	1470	2627	3518	569	2871	1221	2160	2090	2052	2152	
2872	1049	2448	1426	2087	2087	2160	2031	2164	2123	1470	2627	3518	569	2871	1220	2161	2090	2052	2153	
2871	1050	2446	1436	2087	2071	2161	2031	2165	2123	1469	2627	3520	569	2872	1220	2160	2089	2052	2152	
2871	1050	2443	1451	2088	2049	2161	2032	2164	2123	1469	2628	3518	569	2873	1219	2160	2089	2052	2152	
2869	1050	2433	1472	2089	2023	2162	2032	2165	2123	1469	2628	3520	569	2873	1219	2160	2090	2052	2152	
2869	1050	2415	1499	2090	1993	2162	2032	2165	2123	1469	2629	3518	569	2875	1218	2161	2089	2052	2152	
2870	1050	2391	1536	2091	1960	2162	2032	2164	2122	1468	2629	3518	568	2875	1218	2160	2089	2052	2152	
2870	1050	2362	1580	2095	1930	2162	2032	2164	2123	1468	2629	3520	569	2877	1217	2161	2089	2052	2152	
2869	1051	2328	1631	2101	1903	2163	2033	2164	2123	1468	2629	3520	568	2878	1216	2161	2089	2052	2152	
2870	1052	2284	1685	2108	1882	2164	2034	2164	2123	1468	2630	3518	568	2879	1215	2161	2089	2052	2153	
2870	1052	2232	1744	2116	1866	2164	2034	2164	2123	1467	2631	3518	569	2880	1214	2161	2089	2052	2152	
2870	1056	2171	1806	2125	1856	2164	2035	2164	2122	1466	2633	3520	569	2880	1213	2161	2088	2052	2153	
2871	1063	2106	1865	2139	1845	2165	2035	2164	2123	1465	2634	3520	568	2882	1211	2162	2088	2052	2152	
2871	1074	2038	1926	2157	1837	2166	2036	2164	2122	1463	2636	3520	568	2884	1209	2163	2088	2052	2152	
2874	1088	1966	1989	2182	1829	2167	2037	2164	2122	1462	2637	3520	568	2886	1207	2163	2087	2052	2152	
2874	1103	1891	2050	2207	1818	2167	2037	2164	2123	1460	2640	3520	568	2888	1205	2163	2087	2052	2152	
2875	1114	1813	2115	2233	1804	2168	2037	2164	2122	1459	2641	3520	568	2889	1204	2164	2086	2052	2152	
2876	1124	1736	2181	2253	1787	2168	2037	2163	2122	1458	2641	3520	568	2890	1203	2164	2086	2052	2153	
2877	1134	1663	2250	2263	1770	2168	2036	2164	2122	1458	2641	3520	568	2890	1203	2164	2085	2052	2152	
2879	1143	1595	2321	2263	1755	2168	2037	2163	2123	1459	2640	3520	568	2889	1204	2164	2085	2052	2152	
2880	1147	1528	2391	2262	1744	2168	2037	2164	2122	1459	2639	3520	568	2888	1205	2164	2085	2052	2152	
2881	1148	1465	2465	2261	1739	2167	2037	2164	2122	1460	2639	3520	568	2887	1205	2164	2085	2052	2152	
2881	1148	1409	2541	2258	1739	2167	2037	2164	2123	1461	2637	3520	568	2886	1207	2164	2086	2052	2152	
2881	1148	1370	2620	2252	1739	2168	2037	2164	2123	1462	2637	3520	568	2885	1208	2164	2086	2052	2152	
2881	1149	1354	2696	2243	1740	2167	2037	2164	2122	1463	2637	3520	568	2885	1209	2164	2086	2052	2152	
2884	1152	1354	2760	2231	1739	2167	2037	2164	2123	1463	2637	3520	568	2885	1209	2164	2087	2052	2152	
2887	1150	1358	2771	2223	1740	2167	2037	2164	2123	1463	2637	3520	568	2884	1209	2164	2086	2052	2152	
2890	1152	1366	2752	2221	1742	2167	2036	2164	2123	1463	2637	3520	568	2884	1209	2164	2086	2052	2152	
2894	1153	1382	2719	2221	1742	2167	2037	2164	2123	1462	2637	3520	568	2885	1208	2164	2086	2052	2152	
2896	1156	1406	2676	2221	1742	2167	2037	2164	2123	1463	2637	3520	568	2885	1209	2164	2086	2052	2152	
2896	1159	1441	2620	2222	1742	2167	2037	2164	2122	1463	2637	3520	568	2884	1209	2164	2086	2052	2152	
2896	1162	1487	2553	2222	1742	2168	2036	2164	2123	1463	2636	3518	568	2884	1209	2164	2086	2052	2152	
2896	1164	1541	2482	2223	1742	2167	2036	2165	2122	1464	2636	3520	568	2883	1210	2164	2086	2052	2152	
2896	1168	1604	2409	2223	1742	2166	2036	2164	2122	1465	2635	3518	568	2882	1211	2164	2086	2052	2152	
2895	1172	1672	2333	2223	1742	2167	2036	2165	2123	1466	2633	3520	568	2880	1212	2164	2086	2052	2152	
2895	1176	1747	2253	2223	1742	2167	2035	2166	2123	1467	2632	3518	568	2880	1214	2164	2087	2052	2152	
2895	1179	1824	2174	2223	1742	2167	2036	2167	2123	1468	2631	3518	568	2879	1215	2164	2087	2052	2152	
2894	1179	1899	2097	2223	1742	2167	2036	2167	2123	1468	2631	3518	569	2879	1215	2164	2088	2052	2152	
2894	1181	1968	2017	2221	1742	2167	2035	2167	2123	1468	2630	3520	569	2879	1215	2164	2088	2052	2152	
2894	1183	2031	1944	2221	1742	2167	2035	2167	2123	1467	2631	3520	569	2879	1215	2164	2088	2052	2152	
2894	1186	2087	1878	2220	1742	2167	2035	2167	2123	1467	2631	3518	569	2880	1215	2164	2087	2052	2152	
2894	1190	2137	1823	2220	1742	2167	2036	2167	2123	1467	2631	3518	569	2879	1215	2164	2087	2052	2152	
2893	1191	2177	1772	2220	1742	2167	2036	2167	2123	1468	2630	3520	569	2878	1216	2164	2088	2052	2152	
2892	1193	2210	1730	2221	1742	2167	2035	2167	2123	1467	2631	3520	569	2879	1215	2164	2087	2052	2153	
2892	1198	2237	1699	2220	1742	2166	2034	2167	2123	1467	2631	3520	569	2880	1214	2164	2088	2052	2152	
2891	1204	2255	1691	2220	1742	2167	2035	2167	2123	1467	2632	3518	568	2880	1214	2164	2088	2052	2152	
2886	1211	2256	1692	2220	1742	2167	2035	2167	2123	1467	2632	3518	569	2880	1214	2164	2087	2052	2152	
2881	1219	2254	1694	2221	1742	2167	2035	2167	2123	1467	2632	3520	568	2880	1214	2164	2087	2052	2152	
2873	1231	2247	1704	2220	1742	2167	2035	2166	2123	1466	2633	3520	568	2880	1213	2164	2087	2052	2152	
2866	1243	2231	1723	2220	1742	2167	2036	2167	2123	1466	2633	3520	568	2880	1212	2164	2087	2052	2152	
2860	1251	2206	1752	2220	1742	2168	2037	2166	2123	1466	2633	3520	568	2880	1212	2164	2087	2052	2152	
2857	1254	2173	1787	2220	1742	2167	2037	2166	2123	1466	2633	3520	568	2881	1213	2164	2087	2052	2152	
2855	1254	2132	1830	2221	1742	2167	2036	2166	2123	1466	2634	3520	568	2881	1212	2164	2087	2052	2152	
2855	1254	2082	1873	2221	1742	2167	2036	2166	2123	1466	2633	3520	568	2881	1213	2164	2087	2052	2153	
2856	1254	2027	1923	2222	1742	2167	2036	2166	2123	1466	2633	3520	568	2880	1212	2164	2087	2052	2153	
2857	1254	1967	1979	2222	1742	2167	2036	2166	2123	1467	2633	3520	569	2880	1213	2164	2087	2052	2152	
2858	1253	1904	2042	2223	1741	2167	2035	2167	2123	1467	2632	3520	568	2880	1214	2164	2087	2052	2152	
2859	1252	1840	2108	2224	1741	2167	2036	2166	2123	1467	2632	3520	569	2880	1214	2164	2087	2052	2152	
2864	1249	1776	2170	2224	1739	2167	2036	2167	2123	1468	2631	3520	568	2880	1214	2164	2087	2052	2152	
2867	1246	1711	2230	2224	1738	2167	2035	2167	2123	1468	2632	3518	568	2880	1214	2164	2088	2052	2152	
2871	1244	1651	2288	2223	1737	2167	2036	2167	2123	1467	2632	3520	568	2880	1214	2164	2088	2052	2152	
2872	1243	1596	2342	2224	1736	2167	2036	2167	2123	1467	2632	3520	568	2880	1214	2164	2087	2052	2152	
2872	1243	1546	2388	2224	1733	2166	2035	2167	2123	1467	2632	3520	569	2880	1214	2164	2087	2052	2152	
2872	1243	1508	2433	2224	1732	2166	2035	2167	2123	1467	2632	3520	568	2880	1214	2164	2087	2052	2152	
2872	1243	1476	2478	2223	1731	2167	2036	2167	2123	1467	2632	3520	569	2880	1214	2164	2087	2052	2152	
2872	1242	1454	2523	2223	1730	2167	2036	2167	2123	1468	2632	3520	568	2880	1214	2164	2087	2052	2152	
2871	1243	1448	2558	2223	1729	2167	2036	2167	2123	1467	2632	3520	568	2880	1214	2164	2087	2052	2152	
2871	1244	1449	2569	2223	1729	2167	2036	2167	2123	1467	2632	3520	568	2880	1213	2164	2087	2052	2152	
2873	1245	1453	2563	2223	1729	2167	2035	2167	2123	1467	2632	3520	568	2880	1212	2164	2087	2052	2152	
2874	1248	1464	2544	2225	1730	2166	2035	2167	2123	1467	2632	3520	569	2880	1212	2164	2087	2052	2152	
2876	1251	1485	2508	2226	1729	2166	2035	2167	2123	1467	2632	3520	569	2880	1213	2164	2087	2052	2152	
2876	1256	1515	2457	2227	1729	2166	2035	2167	2123	1467	2631	3518	569	2880	1214	2164	2087	2052	2153	
2876	1260	1552	2394	2227	1729	2167	2035	2167	2123	1467	2631	3520	569	2880	1214	2164	2087	2052	2153	
2876	1264	1601	2317	2227	1729	2167	2035	2167	2123	1468	2631	3520	569	2879	1214	2164	2087	2052	2152	
2876	1269	1656	2229	2227	1729	2166	2034	2167	2123	1468	2631	3520	569	2879	1214	2164	2087	2052	2152	
2876	1276	1719	2144	2227	1729	2166	2034	2167	2123	1468	2630	3520	568	2879	1215	2164	2087	2052	2152	
2875	1281	1790	2063	2227	1729	2166	2035	2167	2123	1468	2630	3520	569	2878	1215	2164	2088	2052	2152	
2875	1284	1860	1989	2227	1729	2166	2035	2167	2123	1468	2630	3520	569	2879	1215	2164	2088	2052	2152	
2872	1287	1925	1923	2225	1729	2166	2035	2167	2123	1467	2630	3520	569	2879	1214	2164	2087	2052	2152	
2870	1292	1986	1869	2224	1729	2166	2035	2167	2122	1468	2630	3520	568	2879	1214	2164	2087	2052	2152	
2865	1298	2039	1833	2222	1729	2166	2035	2167	2123	1468	2630	3520	569	2879	1214	2164	2087	2052	2152	
2860	1303	2086	1807	2221	1730	2167	2035	2167	2123	1467	2630	3520	569	2879	1215	2164	2087	2052	2152	
2855	1307	2123	1785	2219	1729	2167	2035	2167	2123	1468	2630	3520	569	2879	1215	2164	2088	2052	2152	
2850	1313	2149	1765	2219	1730	2167	2036	2167	2123	1467	2630	3520	568	2879	1215	2164	2087	2052	2152	
2847	1319	2168	1745	2216	1733	2167	2036	2167	2123	1468	2630	3520	568	2879	1214	2164	2088	2052	2152	
2844	1326	2182	1723	2210	1738	2167	2037	2167	2123	1468	2631	3520	568	2880	1215	2164	2087	2052	2152	
2841	1332	2190	1703	2202	1751	2167	2036	2167	2123	1468	2631	3520	569	2880	1214	2164	2088	2052	2152	
2840	1334	2197	1685	2186	1775	2168	2037	2167	2123	1467	2630	3520	569	2879	1215	2164	2088	2052	2152	
2838	1335	2208	1668	2163	1813	2168	2036	2167	2123	1467	2631	3520	569	2879	1215	2164	2087	2052	2152	
2837	1336	2222	1652	2131	1866	2167	2036	2167	2123	1468	2631	3520	569	2879	1215	2164	2088	2052	2152	
2833	1336	2242	1638	2090	1929	2168	2037	2167	2123	1468	2631	3520	568	2880	1215	2164	2088	2052	2152	
2826	1336	2263	1625	2040	2002	2168	2036	2167	2123	1467	2631	3520	568	2880	1214	2164	2088	2052	2153	
2817	1337	2289	1615	1986	2078	2167	2036	2167	2123	1467	2631	3518	569	2880	1214	2164	2087	2052	2152	
2807	1339	2313	1606	1926	2159	2168	2037	2167	2123	1467	2632	3520	568	2880	1214	2164	2087	2052	2152	
2794	1340	2337	1597	1868	2238	2168	2037	2167	2123	1467	2632	3520	568	2880	1214	2164	2088	2052	2152	
2781	1342	2357	1589	1811	2314	2168	2037	2167	2123	1467	2632	3520	569	2880	1214	2164	2087	2052	2152	
2766	1346	2378	1581	1761	2382	2168	2037	2167	2123	1467	2632	3520	568	2880	1214	2164	2087	2052	2153	
2750	1354	2396	1570	1713	2445	2168	2037	2167	2123	1467	2632	3520	568	2880	1213	2164	2087	2052	2152	
2730	1366	2412	1559	1671	2503	2169	2037	2167	2123	1467	2632	3520	568	2880	1214	2164	2087	2052	2152	
2706	1387	2426	1548	1629	2557	2168	2037	2167	2123	1467	2632	3520	568	2880	1214	2164	2087	2052	2152	
2676	1417	2440	1538	1592	2609	2168	2037	2167	2123	1467	2632	3520	568	2880	1214	2164	2087	2052	2152	
2639	1458	2449	1531	1554	2663	2169	2037	2167	2124	1467	2632	3520	568	2880	1215	2164	2087	2052	2152	
2595	1509	2458	1529	1516	2713	2169	2037	2167	2123	1468	2632	3520	568	2880	1215	2164	2087	2052	2152	
2544	1572	2466	1529	1478	2763	2168	2037	2167	2123	1468	2632	3520	569	2880	1216	2164	2088	2052	2152	
2486	1642	2473	1530	1443	2811	2168	2037	2167	2123	1467	2632	3520	568	2880	1216	2164	2087	2052	2152	
2422	1723	2477	1534	1414	2854	2168	2037	2167	2123	1467	2632	3520	568	2879	1216	2164	2087	2052	2152	
2350	1813	2479	1546	1393	2884	2168	2037	2167	2123	1468	2632	3520	568	2880	1215	2164	2088	2052	2152	
2275	1903	2483	1565	1383	2892	2167	2036	2167	2123	1467	2632	3520	568	2879	1215	2164	2088	2052	2152	
2199	1998	2492	1588	1380	2891	2166	2034	2167	2123	1468	2632	3518	568	2879	1215	2164	2088	2052	2152	
2123	2091	2504	1610	1378	2891	2162	2030	2166	2123	1467	2630	3520	568	2879	1213	2164	2088	2052	2152	
2050	2181	2515	1632	1377	2890	2159	2028	2166	2123	1468	2630	3520	569	2878	1213	2164	2088	2052	2152	
1980	2262	2526	1656	1375	2889	2157	2025	2165	2123	1468	2629	3520	569	2875	1214	2164	2088	2052	2152	
1914	2316	2535	1680	1373	2883	2154	2023	2165	2123	1468	2628	3520	569	2872	1216	2164	2089	2052	2152	
1851	2343	2544	1697	1370	2880	2153	2022	2165	2123	1467	2626	3520	569	2869	1218	2164	2090	2052	2152	
1793	2351	2551	1706	1363	2880	2153	2023	2166	2123	1469	2624	3520	569	2865	1222	2163	2091	2052	2152	
1733	2353	2555	1708	1350	2880	2155	2025	2167	2123	1470	2621	3520	569	2865	1227	2162	2091	2052	2152	
1681	2356	2555	1708	1329	2880	2155	2025	2167	2123	1470	2621	3520	569	2865	1227	2162	2091	2052	2152	
1638	2360	2555	1708	1300	2880	2156	2026	2167	2123	1470	2622	3520	569	2865	1226	2162	2092	2052	2152	
1617	2362	2553	1707	1273	2880	2156	2026	2168	2123	1470	2622	3520	569	2865	1226	2162	2091	2052	2152	
1614	2362	2547	1708	1251	2880	2157	2026	2168	2124	1470	2622	3520	569	2865	1226	2162	2091	2052	2152	
1615	2361	2534	1711	1239	2880	2157	2027	2168	2124	1470	2624	3520	569	2866	1225	2162	2091	2052	2152	
1614	2360	2513	1719	1234	2880	2158	2027	2168	2124	1470	2624	3520	569	2866	1224	2162	2091	2052	2153	
1614	2357	2484	1731	1231	2880	2158	2027	2168	2124	1470	2624	3520	569	2866	1224	2163	2091	2052	2152	
1614	2357	2453	1749	1227	2880	2158	2026	2168	2124	1470	2624	3520	569	2865	1225	2162	2091	2052	2152	
1614	2357	2417	1775	1218	2880	2157	2026	2168	2124	1470	2622	3520	569	2865	1225	2163	2091	2052	2152	
1614	2357	2382	1807	1208	2880	2157	2026	2168	2124	1472	2622	3520	569	2865	1225	2162	2091	2052	2153	
1615	2356	2347	1838	1203	2880	2157	2027	2168	2124	1470	2622	3520	569	2866	1225	2163	2091	2052	2152	
1615	2356	2318	1873	1203	2880	2158	2026	2168	2124	1470	2622	3520	569	2865	1225	2163	2091	2052	2152	
1616	2355	2289	1911	1203	2880	2157	2026	2167	2124	1472	2622	3520	569	2866	1225	2163	2090	2052	2152	
1616	2350	2257	1951	1203	2880	2157	2026	2167	2124	1470	2622	3520	569	2865	1225	2162	2091	2052	2152	
1616	2341	2222	1992	1203	2880	2157	2026	2168	2124	1470	2622	3520	569	2865	1225	2162	2091	2052	2152	
1617	2333	2191	2031	1203	2880	2157	2027	2168	2124	1470	2624	3520	569	2865	1225	2163	2091	2052	2152	
1621	2327	2161	2067	1203	2880	2158	2027	2168	2124	1470	2622	3520	569	2866	1225	2163	2091	2052	2152	
1626	2322	2135	2099	1203	2880	2157	2027	2168	2124	1472	2622	3520	569	2865	1225	2162	2091	2052	2152	
1632	2317	2104	2128	1203	2880	2158	2027	2169	2124	1470	2622	3520	569	2865	1225	2162	2091	2052	2152	
1638	2311	2072	2153	1203	2880	2158	2027	2169	2124	1472	2622	3520	568	2866	1225	2162	2091	2052	2152	
1642	2305	2041	2180	1203	2880	2158	2027	2169	2124	1472	2622	3520	569	2865	1225	2163	2091	2052	2152	
1645	2300	2009	2200	1203	2880	2157	2026	2169	2124	1470	2622	3520	569	2865	1226	2162	2092	2052	2152	
1650	2295	1973	2220	1203	2880	2157	2026	2169	2125	1472	2622	3520	569	2865	1225	2163	2091	2052	2152	
1657	2290	1935	2245	1203	2880	2157	2026	2168	2125	1470	2624	3520	569	2866	1225	2162	2092	2052	2152	
1669	2283	1894	2267	1203	2880	2157	2026	2169	2125	1472	2622	3520	569	2865	1226	2162	2091	2052	2152	
1681	2276	1852	2291	1203	2880	2158	2026	2168	2124	1470	2622	3520	569	2865	1226	2162	2092	2052	2152	
1696	2270	1807	2316	1203	2880	2158	2026	2169	2125	1470	2622	3520	569	2865	1226	2162	2092	2052	2152	
1713	2262	1764	2343	1203	2880	2158	2027	2169	2125	1470	2622	3520	569	2865	1226	2162	2091	2052	2152	
1736	2256	1721	2369	1203	2880	2157	2026	2169	2124	1472	2622	3520	569	2865	1226	2163	2092	2052	2152	
1764	2252	1689	2394	1203	2880	2157	2027	2168	2125	1470	2622	3520	568	2865	1226	2162	2092	2052	2153	
1789	2248	1667	2420	1200	2880	2158	2027	2169	2125	1472	2622	3520	569	2865	1225	2162	2092	2052	2153	
1805	2244	1670	2446	1196	2880	2158	2027	2169	2125	1472	2622	3520	569	2865	1226	2163	2092	2052	2152	
1809	2241	1671	2467	1193	2880	2158	2027	2169	2125	1470	2622	3520	569	2865	1226	2163	2092	2052	2153	
1810	2240	1671	2470	1192	2880	2157	2027	2169	2125	1470	2622	3520	569	2866	1226	2163	2092	2052	2152	
1810	2239	1671	2469	1192	2880	2157	2027	2169	2125	1470	2624	3520	569	2865	1226	2163	2092	2052	2152	
1809	2239	1671	2469	1191	2880	2158	2027	2169	2125	1472	2622	3520	569	2866	1225	2163	2092	2052	2152	
1809	2239	1671	2469	1191	2880	2157	2026	2169	2125	1470	2622	3520	569	2865	1225	2163	2092	2052	2152	
1810	2239	1671	2468	1192	2880	2157	2027	2169	2125	1470	2622	3520	569	2865	1226	2163	2092	2052	2152	
1809	2240	1671	2469	1192	2880	2157	2027	2169	2125	1470	2622	3520	569	2865	1226	2163	2092	2052	2152	
1810	2239	1671	2468	1192	2880	2157	2027	2169	2125	1470	2624	3520	569	2865	1225	2163	2092	2052	2152	
1810	2239	1671	2469	1191	2880	2157	2027	2169	2125	1472	2622	3520	569	2865	1225	2163	2092	2052	2153	
1809	2239	1671	2468	1191	2880	2157	2027	2169	2125	1472	2622	3520	569	2865	1225	2163	2092	2052	2152	
1809	2239	1671	2469	1192	2880	2158	2027	2169	2125	1470	2624	3520	569	2865	1226	2163	2092	2052	2152	
1809	2239	1671	2468	1191	2880	2157	2027	2169	2125	1472	2624	3520	569	2865	1226	2163	2092	2052	2152	
1809	2239	1671	2468	1192	2880	2157	2027	2169	2125	1470	2624	3520	569	2865	1226	2163	2092	2052	2152	
1809	2239	1671	2468	1191	2880	2157	2027	2169	2125	1472	2622	3520	569	2865	1226	2163	2092	2052	2153	
1809	2239	1671	2468	1191	2880	2158	2027	2169	2125	1472	2624	3520	569	2865	1225	2163	2092	2052	2152	
1810	2239	1671	2468	1191	2880	2158	2027	2169	2125	1472	2624	3520	569	2865	1225	2163	2091	2052	2153	
1810	2239	1671	2468	1191	2880	2157	2027	2169	2125	1472	2624	3520	569	2865	1226	2163	2092	2052	2152	
1809	2239	1671	2468	1191	2880	2158	2027	2169	2125	1472	2624	3520	569	2865	1226	2163	2091	2052	2152	
1810	2239	1671	2468	1191	2880	2157	2027	2169	2125	1472	2622	3520	569	2866	1226	2163	2092	2052	2152	
1810	2239	1671	2468	1191	2880	2157	2026	2169	2125	1470	2622	3520	569	2866	1225	2163	2091	2052	2152	
1811	2239	1671	2468	1190	2880	2157	2027	2169	2125	1472	2624	3520	569	2865	1226	2162	2092	2052	2152	
1813	2238	1671	2468	1190	2880	2158	2027	2169	2125	1470	2622	3520	569	2865	1226	2163	2092	2052	2152	
1814	2235	1671	2468	1190	2880	2157	2027	2169	2125	1472	2624	3520	569	2865	1225	2163	2091	2052	2152	
1814	2233	1671	2468	1190	2880	2157	2027	2169	2125	1470	2624	3520	568	2865	1226	2163	2092	2052	2152	
1814	2233	1671	2468	1190	2880	2158	2027	2169	2125	1470	2624	3520	569	2865	1225	2163	2091	2052	2153	
1814	2232	1671	2468	1190	2880	2157	2026	2169	2125	1470	2624	3520	569	2865	1225	2163	2092	2052	2152	
1814	2230	1671	2468	1190	2880	2157	2026	2169	2125	1472	2624	3520	569	2866	1225	2163	2092	2052	2152	
1814	2229	1671	2468	1189	2880	2156	2026	2169	2125	1472	2624	3520	568	2866	1225	2164	2092	2052	2152	
1814	2229	1671	2468	1190	2880	2156	2025	2169	2125	1470	2624	3520	569	2865	1225	2164	2092	2052	2152	
1814	2227	1671	2468	1190	2880	2156	2025	2169	2125	1470	2624	3520	569	2865	1225	2164	2092	2052	2153	
1814	2224	1671	2468	1190	2880	2156	2025	2169	2125	1472	2622	3520	569	2865	1225	2164	2092	2052	2152	
1814	2223	1671	2468	1190	2880	2156	2025	2169	2125	1470	2624	3520	569	2865	1225	2163	2092	2052	2152	
1814	2223	1671	2468	1190	2880	2156	2026	2169	2125	1470	2624	3520	569	2865	1225	2164	2092	2052	2152	
1815	2222	1671	2468	1190	2880	2156	2025	2169	2125	1472	2624	3520	569	2865	1225	2164	2092	2052	2152	
1815	2222	1671	2469	1190	2880	2156	2026	2169	2125	1472	2624	3520	568	2865	1225	2164	2092	2052	2152	
1815	2222	1671	2469	1190	2880	2156	2026	2169	2125	1470	2624	3520	569	2866	1225	2164	2092	2052	2152	
1815	2222	1671	2469	1190	2880	2155	2026	2169	2125	1470	2624	3520	569	2866	1224	2164	2092	2052	2153	
1815	2221	1670	2469	1190	2880	2155	2025	2169	2125	1470	2624	3520	569	2866	1224	2164	2091	2052	2152	
1816	2220	1670	2469	1190	2880	2155	2025	2169	2124	1470	2624	3520	569	2866	1223	2164	2091	2052	2152	
1817	2218	1670	2469	1190	2880	2155	2025	2168	2124	1470	2622	3520	569	2866	1223	2164	2091	2052	2152	
1817	2217	1670	2469	1190	2880	2155	2025	2168	2124	1470	2624	3520	569	2868	1221	2164	2090	2052	2152	
1818	2215	1669	2470	1190	2880	2155	2025	2167	2124	1469	2624	3520	569	2868	1220	2164	2089	2052	2152	
1818	2213	1668	2471	1190	2880	2155	2025	2166	2124	1468	2622	3520	570	2869	1220	2164	2089	2052	2153	
1818	2212	1668	2473	1189	2880	2155	2026	2167	2124	1469	2622	3520	572	2870	1220	2164	2087	2052	2152	
1819	2209	1668	2477	1190	2880	2155	2026	2166	2124	1468	2620	3518	575	2870	1220	2164	2086	2052	2152	
1820	2206	1667	2481	1190	2880	2155	2027	2166	2124	1469	2619	3517	581	2868	1222	2164	2083	2052	2152	
1821	2204	1666	2484	1190	2880	2155	2027	2165	2124	1470	2617	3515	585	2867	1224	2163	2081	2052	2152	
1822	2203	1664	2486	1190	2880	2155	2027	2165	2124	1470	2614	3511	591	2865	1225	2162	2080	2052	2152	
1825	2202	1661	2489	1190	2880	2154	2027	2164	2124	1472	2611	3505	597	2861	1227	2161	2079	2052	2152	
1827	2201	1655	2490	1190	2880	2153	2027	2162	2124	1474	2607	3497	605	2857	1231	2161	2079	2052	2152	
1829	2201	1645	2491	1190	2880	2153	2028	2162	2123	1478	2602	3486	616	2851	1235	2161	2079	2052	2152	
1832	2201	1638	2491	1190	2881	2153	2028	2162	2124	1484	2596	3472	631	2844	1243	2161	2078	2052	2152	
1834	2201	1636	2492	1189	2880	2153	2028	2161	2123	1492	2588	3454	650	2835	1253	2161	2076	2052	2153	
1834	2199	1636	2492	1190	2880	2153	2028	2161	2124	1500	2578	3434	671	2825	1263	2161	2075	2053	2152	
1835	2199	1636	2493	1190	2880	2153	2028	2161	2123	1512	2566	3411	696	2814	1275	2161	2073	2052	2153	
1836	2199	1636	2493	1190	2880	2153	2028	2161	2123	1525	2551	3385	724	2801	1288	2161	2071	2052	2152	
1838	2199	1636	2494	1190	2880	2153	2028	2161	2123	1539	2535	3354	755	2787	1303	2161	2069	2052	2153	
1839	2199	1636	2495	1190	2880	2152	2028	2161	2122	1555	2518	3320	792	2771	1319	2161	2067	2052	2152	
1840	2200	1636	2495	1190	2880	2150	2027	2161	2121	1570	2499	3282	832	2753	1337	2161	2065	2052	2152	
1842	2199	1636	2496	1190	2880	2150	2026	2160	2120	1590	2479	3238	875	2731	1358	2161	2063	2052	2153	
1845	2199	1636	2496	1189	2880	2149	2026	2158	2119	1613	2456	3191	924	2707	1382	2161	2061	2052	2152	
1848	2199	1636	2496	1190	2880	2149	2027	2156	2118	1637	2432	3140	976	2680	1410	2161	2059	2052	2152	
1850	2198	1636	2496	1190	2880	2149	2028	2153	2116	1663	2406	3084	1033	2651	1439	2161	2057	2052	2152	
1853	2199	1636	2496	1190	2880	2149	2028	2151	2114	1691	2378	3025	1093	2621	1470	2161	2056	2052	2153	
1857	2198	1636	2496	1190	2880	2149	2029	2148	2112	1720	2348	2966	1154	2589	1504	2161	2054	2052	2152	
1858	2198	1636	2497	1190	2880	2149	2029	2146	2110	1750	2319	2904	1217	2557	1537	2161	2052	2052	2152	
1859	2198	1636	2497	1190	2880	2150	2029	2143	2108	1780	2287	2843	1281	2525	1570	2161	2050	2052	2152	
1860	2198	1636	2497	1189	2880	2149	2029	2141	2105	1808	2257	2779	1346	2494	1603	2161	2048	2052	2152	
1861	2198	1635	2497	1190	2880	2150	2029	2138	2103	1837	2226	2717	1412	2462	1637	2160	2046	2052	2153	
1863	2197	1635	2497	1190	2880	2149	2029	2137	2101	1865	2197	2655	1479	2431	1672	2159	2044	2052	2152	
1864	2198	1635	2498	1190	2880	2149	2030	2134	2100	1894	2166	2595	1543	2399	1706	2157	2042	2052	2152	
1864	2197	1634	2498	1190	2881	2150	2030	2131	2098	1920	2136	2535	1607	2369	1740	2156	2040	2052	2152	
1865	2197	1634	2498	1190	2880	2150	2030	2129	2096	1942	2112	2483	1667	2341	1772	2154	2036	2052	2153	
1866	2198	1632	2498	1190	2880	2150	2030	2125	2093	1961	2089	2433	1722	2313	1802	2152	2034	2052	2152	
1866	2197	1630	2498	1190	2880	2150	2030	2121	2090	1977	2071	2391	1769	2291	1827	2151	2032	2052	2152	
1869	2198	1628	2499	1190	2880	2150	2031	2117	2087	1988	2059	2357	1807	2270	1850	2150	2030	2052	2152	
1872	2197	1628	2498	1190	2880	2151	2030	2115	2085	1997	2050	2327	1839	2252	1869	2149	2029	2052	2152	
1873	2198	1627	2499	1190	2880	2150	2031	2112	2083	2004	2044	2304	1860	2238	1882	2149	2027	2052	2152	
1874	2197	1626	2499	1189	2880	2151	2030	2110	2081	2010	2039	2289	1872	2229	1890	2149	2027	2052	2152	
1874	2198	1625	2499	1190	2880	2151	2031	2110	2081	2016	2036	2281	1874	2224	1891	2149	2027	2052	2152	
1874	2198	1624	2500	1190	2880	2151	2031	2110	2081	2019	2034	2281	1874	2224	1891	2149	2028	2052	2152	
1874	2199	1623	2500	1190	2880	2151	2031	2110	2082	2021	2031	2281	1873	2225	1890	2149	2029	2052	2153	
1874	2199	1623	2500	1190	2880	2150	2031	2110	2082	2024	2028	2281	1874	2227	1888	2149	2029	2052	2152	
1874	2199	1623	2500	1190	2880	2149	2031	2110	2082	2026	2023	2281	1873	2231	1885	2149	2030	2052	2153	
1874	2199	1622	2501	1190	2880	2150	2031	2110	2082	2031	2018	2281	1871	2237	1879	2149	2031	2052	2152	
1874	2198	1622	2501	1190	2880	2149	2031	2110	2082	2035	2012	2281	1866	2244	1871	2149	2032	2052	2152	
1874	2198	1622	2501	1190	2880	2148	2030	2110	2082	2042	2007	2285	1856	2252	1861	2149	2033	2052	2152	
1875	2198	1622	2501	1190	2880	2147	2029	2111	2082	2044	2006	2292	1845	2261	1847	2148	2034	2052	2152	
1875	2198	1623	2501	1190	2880	2145	2027	2112	2084	2046	2004	2304	1831	2274	1832	2147	2036	2052	2152	
1876	2197	1622	2501	1189	2880	2143	2026	2114	2084	2046	2005	2321	1810	2290	1813	2147	2037	2052	2152	
1876	2198	1622	2501	1190	2880	2142	2025	2117	2085	2045	2007	2342	1785	2307	1792	2148	2038	2052	2152	
1875	2199	1622	2501	1190	2880	2142	2025	2120	2087	2043	2012	2365	1756	2325	1772	2148	2040	2052	2152	
1874	2202	1622	2501	1189	2880	2142	2025	2121	2088	2035	2021	2393	1725	2343	1752	2147	2039	2052	2152	
1873	2202	1622	2501	1190	2880	2142	2026	2122	2088	2020	2038	2425	1691	2363	1732	2148	2039	2052	2152	
1873	2202	1622	2501	1190	2880	2142	2026	2122	2089	1998	2060	2465	1648	2383	1710	2148	2039	2052	2152	
1873	2202	1622	2501	1190	2880	2142	2026	2122	2090	1967	2091	2513	1599	2407	1686	2148	2039	2052	2152	
1874	2202	1622	2501	1189	2880	2143	2027	2123	2091	1930	2131	2573	1539	2433	1658	2148	2040	2052	2152	
1875	2202	1622	2501	1189	2880	2143	2028	2122	2091	1888	2173	2640	1469	2464	1626	2147	2040	2052	2152	
1875	2202	1622	2501	1190	2880	2143	2027	2122	2091	1839	2223	2715	1392	2495	1594	2147	2039	2052	2152	
1875	2201	1622	2501	1190	2880	2144	2027	2122	2092	1788	2276	2792	1311	2526	1561	2148	2040	2052	2152	
1876	2200	1622	2501	1190	2880	2144	2026	2122	2092	1736	2332	2872	1228	2559	1526	2148	2041	2052	2152	
1877	2200	1622	2501	1190	2880	2144	2025	2121	2092	1686	2383	2951	1149	2590	1491	2148	2043	2052	2152	
1878	2199	1623	2501	1190	2880	2144	2025	2120	2091	1641	2434	3027	1073	2620	1459	2148	2046	2052	2152	
1879	2198	1623	2501	1190	2880	2145	2025	2119	2092	1601	2475	3096	1005	2645	1431	2149	2048	2052	2152	
1880	2199	1623	2501	1190	2880	2147	2025	2118	2092	1568	2510	3153	947	2670	1405	2150	2048	2052	2152	
1880	2198	1623	2501	1190	2880	2147	2026	2118	2091	1543	2535	3199	899	2691	1384	2150	2049	2052	2152	
1880	2199	1623	2501	1190	2880	2147	2026	2118	2092	1525	2554	3237	861	2709	1367	2150	2049	2052	2152	
1880	2198	1623	2501	1190	2880	2147	2025	2118	2092	1512	2567	3269	830	2727	1349	2150	2049	2052	2152	
1880	2199	1623	2501	1190	2880	2147	2025	2117	2092	1502	2577	3296	803	2744	1332	2150	2049	2052	2152	
1880	2199	1623	2501	1190	2880	2147	2025	2118	2092	1495	2584	3320	779	2760	1314	2150	2049	2052	2152	
1880	2200	1623	2501	1190	2880	2147	2024	2118	2092	1490	2589	3341	756	2779	1297	2150	2049	2052	2152	
1880	2200	1623	2502	1190	2880	2147	2024	2119	2092	1485	2593	3362	736	2795	1278	2150	2049	2052	2152	
1878	2200	1623	2502	1190	2880	2147	2023	2119	2092	1482	2596	3383	714	2813	1259	2150	2050	2052	2152	
1878	2200	1623	2501	1190	2880	2147	2023	2119	2092	1480	2599	3405	692	2831	1241	2150	2049	2052	2152	
1878	2201	1623	2502	1190	2880	2146	2022	2120	2091	1475	2603	3426	670	2846	1224	2150	2051	2052	2152	
1878	2201	1623	2502	1190	2880	2145	2020	2122	2091	1468	2608	3445	651	2860	1209	2150	2051	2052	2152	
1878	2201	1624	2502	1190	2880	2145	2018	2122	2092	1462	2613	3462	634	2870	1197	2150	2052	2052	2152	
1878	2203	1623	2502	1190	2880	2144	2017	2122	2091	1456	2618	3475	622	2878	1189	2151	2052	2052	2152	
1878	2202	1623	2502	1190	2880	2142	2016	2122	2092	1450	2621	3483	614	2881	1184	2150	2052	2052	2152	
1878	2202	1623	2502	1190	2880	2141	2016	2122	2092	1447	2625	3490	609	2885	1182	2151	2051	2052	2152	
1878	2202	1623	2502	1190	2880	2141	2016	2122	2092	1444	2628	3495	604	2887	1180	2151	2050	2052	2152	
1878	2202	1623	2501	1190	2880	2141	2016	2122	2092	1443	2629	3499	601	2890	1177	2150	2050	2052	2152	
1878	2203	1624	2502	1190	2880	2141	2016	2123	2092	1442	2629	3503	598	2893	1174	2150	2049	2052	2152	
1878	2202	1623	2502	1190	2880	2140	2015	2124	2092	1442	2629	3504	596	2896	1171	2150	2049	2052	2152	
1878	2202	1623	2502	1190	2880	2141	2016	2124	2092	1442	2629	3505	596	2897	1170	2150	2050	2052	2152	
1878	2202	1623	2502	1190	2880	2140	2016	2124	2092	1442	2629	3504	596	2896	1171	2151	2050	2052	2152	
1879	2203	1623	2502	1190	2880	2140	2015	2124	2092	1442	2629	3503	598	2895	1171	2150	2050	2052	2152	
1879	2202	1623	2501	1190	2880	2140	2015	2124	2092	1442	2629	3500	600	2893	1173	2150	2050	2052	2152	
1879	2203	1623	2502	1190	2880	2141	2016	2123	2092	1442	2629	3496	605	2888	1178	2150	2050	2052	2152	
1880	2203	1623	2502	1190	2880	2140	2015	2124	2092	1442	2629	3487	614	2880	1186	2151	2049	2052	2152	
1880	2203	1623	2502	1190	2880	2141	2016	2124	2092	1442	2629	3474	628	2871	1198	2151	2048	2052	2152	
1881	2203	1623	2502	1190	2880	2140	2015	2123	2092	1442	2628	3458	647	2858	1212	2151	2048	2052	2152	
1882	2203	1623	2502	1190	2880	2140	2016	2123	2092	1444	2626	3437	668	2842	1229	2151	2045	2052	2153	
1882	2203	1623	2503	1189	2880	2140	2016	2122	2092	1446	2624	3415	693	2824	1250	2150	2042	2052	2153	
1882	2202	1623	2503	1189	2880	2141	2017	2121	2092	1449	2620	3387	721	2802	1273	2151	2041	2052	2152	
1882	2202	1623	2503	1190	2880	2140	2018	2119	2092	1454	2616	3356	750	2780	1297	2151	2041	2053	2152	
1884	2202	1623	2504	1190	2880	2140	2019	2118	2092	1462	2610	3324	783	2755	1321	2151	2041	2052	2152	
1888	2202	1623	2504	1190	2880	2140	2019	2116	2092	1474	2599	3288	817	2730	1345	2151	2042	2052	2152	
1890	2202	1623	2503	1190	2880	2141	2018	2115	2092	1487	2587	3248	855	2702	1370	2151	2043	2052	2152	
1894	2202	1622	2504	1190	2880	2140	2018	2114	2092	1503	2572	3204	898	2675	1396	2151	2044	2052	2153	
1897	2202	1622	2504	1190	2880	2140	2018	2113	2092	1523	2552	3156	944	2647	1424	2152	2044	2052	2152	
1900	2201	1622	2504	1190	2880	2140	2019	2111	2092	1546	2530	3104	995	2619	1451	2152	2044	2052	2152	
1902	2200	1622	2505	1190	2880	2140	2019	2111	2092	1574	2503	3051	1049	2592	1480	2152	2045	2052	2152	
1902	2200	1621	2504	1190	2881	2140	2019	2111	2092	1606	2472	2997	1105	2566	1506	2152	2045	2052	2152	
1902	2200	1620	2505	1190	2880	2140	2019	2111	2092	1638	2439	2940	1161	2541	1532	2153	2045	2052	2152	
1902	2200	1619	2505	1190	2880	2140	2019	2111	2092	1671	2405	2883	1218	2517	1557	2152	2045	2052	2152	
1903	2200	1619	2505	1190	2880	2140	2019	2111	2092	1703	2372	2830	1272	2494	1582	2153	2043	2052	2152	
1903	2200	1619	2505	1190	2880	2140	2019	2111	2091	1733	2341	2776	1326	2470	1607	2153	2043	2052	2152	
1902	2200	1619	2505	1190	2880	2140	2019	2112	2091	1758	2316	2726	1378	2445	1633	2152	2042	2052	2152	
1903	2200	1619	2505	1190	2880	2140	2019	2112	2091	1780	2292	2679	1431	2421	1659	2153	2041	2052	2152	
1903	2200	1618	2506	1189	2880	2140	2019	2112	2091	1800	2271	2631	1480	2396	1686	2153	2041	2052	2152	
1904	2200	1619	2505	1190	2880	2140	2018	2111	2091	1817	2253	2589	1525	2374	1709	2152	2040	2052	2152	
1907	2200	1618	2505	1190	2880	2140	2018	2111	2091	1832	2237	2550	1562	2352	1731	2152	2040	2052	2152	
1909	2199	1618	2506	1189	2880	2139	2018	2111	2091	1845	2224	2513	1597	2332	1749	2152	2041	2052	2152	
1910	2200	1617	2505	1189	2880	2139	2018	2111	2091	1860	2212	2480	1624	2315	1764	2153	2040	2052	2152	
1912	2200	1615	2505	1190	2880	2140	2019	2110	2091	1874	2201	2451	1647	2300	1776	2154	2041	2052	2152	
1914	2200	1613	2506	1189	2880	2140	2020	2110	2090	1887	2192	2427	1663	2288	1784	2155	2041	2052	2152	
1915	2200	1610	2506	1190	2880	2141	2021	2109	2090	1897	2185	2409	1675	2279	1790	2157	2041	2052	2152	
1915	2200	1608	2505	1189	2880	2141	2022	2109	2090	1902	2183	2399	1681	2274	1794	2158	2042	2052	2152	
1916	2200	1606	2505	1189	2880	2141	2022	2110	2090	1903	2182	2396	1681	2272	1794	2159	2042	2052	2152	
1917	2200	1605	2505	1189	2880	2141	2024	2109	2090	1904	2182	2396	1681	2273	1794	2160	2043	2052	2152	
1917	2199	1604	2506	1189	2880	2142	2023	2109	2090	1905	2182	2396	1681	2273	1793	2160	2044	2052	2152	
1918	2198	1603	2506	1190	2880	2142	2023	2109	2090	1905	2181	2396	1681	2275	1792	2160	2044	2052	2152	
1921	2197	1602	2507	1190	2880	2142	2023	2109	2090	1905	2180	2396	1680	2276	1791	2160	2044	2052	2152	
1922	2197	1601	2507	1190	2880	2141	2022	2108	2090	1905	2178	2396	1679	2279	1788	2160	2044	2052	2152	
1922	2197	1601	2507	1190	2880	2140	2021	2108	2090	1905	2174	2397	1677	2282	1784	2160	2045	2052	2152	
1920	2197	1601	2507	1190	2881	2139	2021	2108	2090	1906	2172	2397	1673	2286	1781	2160	2046	2052	2152	
1918	2197	1601	2508	1190	2880	2138	2021	2108	2090	1905	2172	2402	1666	2289	1776	2160	2046	2052	2152	
1917	2198	1600	2507	1189	2880	2138	2020	2108	2090	1905	2173	2411	1657	2295	1769	2160	2048	2052	2152	
1916	2199	1600	2507	1190	2880	2138	2020	2108	2091	1904	2176	2423	1643	2302	1761	2160	2049	2052	2152	
1916	2200	1598	2508	1190	2880	2138	2021	2108	2091	1902	2180	2437	1624	2312	1749	2160	2051	2052	2152	
1917	2202	1594	2507	1190	2880	2138	2021	2108	2091	1897	2185	2459	1602	2326	1735	2160	2052	2052	2152	
1917	2204	1592	2507	1189	2880	2138	2020	2108	2091	1886	2197	2487	1576	2342	1718	2160	2053	2052	2152	
1917	2204	1592	2508	1190	2880	2137	2020	2109	2091	1869	2212	2521	1543	2362	1700	2161	2053	2052	2152	
1917	2204	1592	2507	1190	2880	2137	2020	2109	2091	1847	2233	2564	1504	2382	1680	2161	2054	2052	2152	
1916	2204	1592	2508	1190	2880	2137	2020	2109	2091	1816	2262	2614	1457	2406	1657	2162	2053	2052	2152	
1917	2204	1592	2508	1190	2880	2137	2020	2109	2092	1782	2295	2672	1400	2432	1631	2162	2053	2052	2152	
1918	2204	1592	2508	1190	2880	2136	2019	2110	2092	1743	2332	2734	1338	2460	1603	2161	2053	2052	2152	
1918	2204	1592	2507	1190	2880	2136	2019	2109	2092	1704	2372	2803	1270	2491	1572	2162	2054	2052	2152	
1918	2204	1592	2507	1189	2880	2136	2018	2109	2092	1664	2411	2875	1198	2525	1538	2162	2054	2052	2152	
1918	2204	1592	2507	1189	2880	2137	2020	2109	2092	1629	2448	2947	1126	2560	1503	2161	2054	2052	2152	
1917	2205	1591	2507	1190	2880	2140	2021	2110	2092	1596	2483	3021	1055	2596	1467	2162	2054	2053	2152	
1916	2205	1592	2507	1190	2880	2142	2023	2110	2091	1566	2516	3092	987	2628	1435	2162	2055	2052	2152	
1914	2207	1592	2507	1190	2880	2143	2023	2110	2092	1536	2550	3159	924	2658	1405	2162	2056	2052	2152	
1914	2208	1592	2507	1190	2880	2143	2023	2110	2092	1501	2585	3218	866	2684	1380	2163	2057	2052	2152	
1914	2207	1592	2507	1190	2880	2144	2023	2110	2091	1466	2618	3271	813	2708	1357	2163	2057	2052	2152	
1914	2207	1592	2507	1190	2880	2143	2022	2110	2091	1437	2647	3317	768	2728	1337	2163	2057	2052	2152	
1914	2206	1592	2507	1190	2880	2142	2022	2109	2091	1413	2669	3357	729	2746	1320	2163	2056	2052	2152	
1914	2206	1592	2507	1190	2880	2142	2021	2110	2091	1396	2685	3393	697	2763	1303	2163	2055	2052	2152	
1914	2206	1592	2507	1190	2880	2142	2020	2110	2091	1389	2690	3420	670	2782	1285	2162	2054	2052	2152	
1914	2206	1592	2507	1190	2880	2142	2020	2111	2091	1388	2691	3442	648	2798	1266	2161	2053	2052	2152	
1914	2207	1592	2507	1189	2880	2142	2019	2112	2092	1386	2691	3461	629	2814	1250	2161	2053	2052	2152	
1914	2208	1591	2507	1189	2880	2142	2018	2113	2092	1385	2692	3477	613	2830	1234	2162	2054	2052	2152	
1913	2209	1592	2507	1190	2880	2142	2020	2113	2091	1386	2692	3491	600	2844	1221	2162	2053	2052	2152	
1914	2209	1593	2507	1190	2880	2142	2021	2113	2091	1387	2692	3497	593	2852	1213	2162	2051	2052	2152	
1916	2209	1593	2506	1190	2880	2142	2021	2113	2091	1388	2692	3500	590	2860	1207	2161	2050	2052	2152	
1920	2208	1592	2506	1190	2880	2142	2021	2113	2091	1389	2691	3502	586	2868	1201	2162	2050	2053	2153	
1922	2209	1593	2505	1190	2881	2142	2020	2115	2091	1389	2692	3507	580	2876	1193	2162	2050	2052	2152	
1925	2209	1593	2504	1190	2883	2142	2019	2115	2092	1389	2691	3513	574	2884	1186	2162	2049	2052	2152	
1928	2209	1593	2503	1192	2888	2140	2018	2118	2093	1390	2691	3522	566	2894	1179	2162	2048	2052	2152	
1929	2208	1593	2503	1192	2891	2136	2018	2119	2096	1394	2689	3526	567	2901	1177	2161	2049	2052	2152	
1929	2208	1593	2503	1192	2891	2133	2017	2120	2097	1395	2689	3526	567	2901	1176	2160	2048	2052	2152	
1929	2208	1593	2503	1193	2892	2133	2018	2120	2097	1395	2689	3526	566	2901	1176	2160	2048	2052	2152	
1929	2209	1593	2503	1193	2892	2132	2017	2120	2098	1395	2688	3526	566	2901	1176	2158	2050	2052	2152	
1929	2209	1593	2503	1192	2893	2133	2017	2121	2099	1395	2688	3525	567	2901	1176	2154	2051	2052	2152	
1929	2210	1594	2503	1193	2892	2132	2017	2120	2101	1395	2688	3526	567	2902	1175	2149	2055	2052	2152	
1929	2209	1593	2503	1193	2892	2133	2018	2121	2103	1396	2688	3526	567	2903	1173	2146	2057	2052	2152	
1929	2209	1593	2503	1193	2892	2133	2018	2120	2104	1395	2688	3525	567	2904	1173	2146	2058	2052	2152	
1929	2210	1593	2503	1193	2892	2133	2018	2121	2104	1395	2688	3526	567	2904	1173	2146	2058	2052	2152	
1929	2211	1594	2502	1193	2892	2134	2018	2122	2105	1396	2688	3526	567	2904	1172	2145	2058	2052	2152	
1929	2211	1593	2502	1193	2892	2134	2019	2122	2105	1397	2688	3526	567	2903	1173	2144	2058	2052	2152	
1929	2211	1594	2502	1192	2892	2134	2019	2123	2106	1398	2686	3526	567	2902	1174	2145	2059	2052	2152	
1930	2212	1594	2503	1192	2892	2134	2020	2124	2106	1401	2683	3526	567	2900	1175	2144	2059	2052	2152	
1931	2213	1594	2502	1191	2892	2134	2019	2125	2107	1405	2680	3526	567	2899	1177	2145	2059	2052	2153	
1930	2216	1594	2502	1190	2892	2132	2017	2125	2107	1408	2675	3526	567	2896	1178	2145	2059	2052	2153	
1929	2218	1594	2502	1190	2892	2132	2017	2126	2107	1411	2671	3526	567	2894	1179	2144	2059	2052	2152	
1929	2218	1594	2502	1190	2892	2132	2016	2126	2107	1412	2670	3526	567	2893	1180	2145	2059	2052	2152	
1929	2219	1595	2502	1190	2892	2132	2016	2127	2107	1413	2669	3526	567	2893	1180	2145	2059	2052	2152	
1929	2219	1594	2502	1190	2892	2132	2016	2127	2107	1413	2669	3526	567	2892	1180	2145	2059	2052	2153	
1929	2219	1595	2502	1190	2892	2132	2016	2127	2108	1413	2669	3526	567	2893	1180	2144	2059	2052	2152	
1929	2219	1595	2502	1190	2892	2131	2016	2127	2107	1413	2669	3526	567	2893	1180	2144	2059	2052	2152	
1929	2218	1595	2502	1190	2892	2132	2016	2126	2108	1413	2669	3526	567	2893	1179	2145	2059	2052	2152	
1929	2219	1594	2502	1190	2892	2132	2016	2127	2107	1413	2669	3526	567	2893	1179	2144	2059	2052	2152	
1929	2218	1595	2502	1190	2892	2132	2016	2127	2107	1413	2669	3526	567	2894	1179	2145	2059	2052	2152	
1929	2219	1594	2502	1190	2892	2132	2016	2127	2108	1413	2669	3526	567	2895	1178	2145	2060	2052	2152	
1929	2219	1595	2502	1190	2892	2131	2016	2127	2107	1413	2669	3526	567	2895	1177	2144	2059	2052	2152	
1929	2219	1595	2502	1190	2892	2132	2016	2127	2108	1413	2669	3526	567	2895	1177	2145	2060	2052	2152	
1929	2219	1595	2502	1190	2892	2132	2016	2127	2108	1413	2669	3526	567	2895	1177	2144	2060	2052	2152	
1929	2219	1595	2502	1190	2892	2132	2016	2127	2108	1413	2669	3526	567	2896	1176	2145	2060	2052	2152	
1929	2219	1595	2502	1190	2892	2132	2016	2127	2108	1413	2669	3526	568	2896	1176	2144	2059	2052	2153	
1929	2218	1595	2502	1190	2892	2132	2016	2127	2108	1413	2669	3526	567	2897	1175	2145	2060	2052	2152	
1929	2219	1595	2502	1190	2892	2132	2016	2127	2108	1413	2669	3526	568	2897	1175	2144	2060	2047	2153	
1929	2220	1595	2502	1190	2892	2130	2014	2127	2108	1413	2667	3526	568	2897	1174	2143	2059	2027	2153	
1929	2222	1595	2502	1190	2892	2128	2012	2127	2108	1414	2664	3526	568	2896	1173	2142	2059	1985	2153	
1930	2225	1595	2502	1190	2892	2125	2008	2127	2108	1415	2659	3526	568	2895	1171	2142	2059	1917	2153	
1930	2226	1595	2503	1190	2892	2122	2007	2127	2108	1416	2657	3526	568	2894	1170	2142	2059	1826	2153	
1930	2226	1595	2503	1190	2892	2122	2006	2127	2108	1416	2656	3526	568	2894	1171	2142	2058	1722	2153	
1930	2227	1594	2503	1190	2892	2122	2007	2127	2108	1416	2656	3526	569	2893	1171	2142	2059	1629	2153	
1930	2226	1595	2502	1190	2892	2123	2008	2127	2108	1416	2656	3526	568	2894	1170	2142	2058	1565	2152	
1930	2226	1595	2503	1190	2892	2123	2007	2127	2108	1416	2656	3526	569	2894	1170	2142	2058	1537	2152	
1930	2226	1595	2502	1190	2892	2123	2007	2127	2108	1416	2656	3526	568	2894	1170	2142	2058	1538	2154	
1930	2226	1595	2503	1190	2892	2123	2007	2127	2108	1416	2656	3526	569	2894	1170	2142	2059	1540	2158	
1929	2226	1595	2503	1190	2892	2122	2007	2127	2108	1416	2655	3526	569	2894	1170	2142	2058	1543	2165	
1930	2227	1595	2503	1190	2892	2123	2007	2126	2108	1417	2656	3526	569	2894	1170	2142	2058	1544	2170	
1930	2226	1595	2503	1190	2892	2122	2007	2127	2108	1417	2655	3526	569	2894	1170	2142	2058	1546	2176	
1930	2226	1594	2503	1190	2892	2123	2007	2127	2108	1417	2655	3526	569	2893	1171	2142	2059	1553	2183	
1929	2226	1595	2503	1190	2892	2123	2008	2127	2108	1417	2655	3526	569	2893	1170	2141	2059	1567	2188	
1929	2225	1595	2503	1190	2892	2124	2008	2127	2108	1417	2655	3526	569	2895	1170	2141	2059	1598	2187	
1929	2224	1595	2503	1190	2892	2125	2010	2127	2108	1417	2656	3526	568	2897	1169	2142	2058	1647	2187	
1929	2223	1595	2503	1190	2892	2126	2011	2127	2108	1417	2656	3526	569	2899	1168	2141	2058	1714	2187	
1929	2223	1595	2502	1190	2892	2126	2011	2127	2107	1417	2658	3526	569	2900	1167	2142	2058	1793	2187	
1929	2223	1595	2502	1190	2892	2126	2011	2127	2107	1417	2658	3526	569	2900	1167	2141	2058	1873	2187	
1929	2223	1595	2502	1190	2892	2126	2011	2127	2108	1417	2658	3525	569	2901	1167	2142	2058	1953	2186	
1929	2223	1595	2502	1190	2892	2126	2011	2127	2108	1417	2658	3526	568	2901	1167	2142	2058	2029	2182	
1929	2222	1594	2502	1190	2893	2126	2011	2127	2108	1417	2657	3525	569	2901	1167	2142	2058	2095	2163	
1929	2218	1595	2501	1190	2892	2125	2010	2126	2108	1418	2658	3525	569	2900	1167	2142	2058	2142	2128	
1929	2211	1595	2496	1190	2892	2125	2010	2126	2108	1419	2657	3525	569	2900	1167	2142	2058	2161	2082	
1929	2199	1595	2484	1190	2892	2124	2009	2127	2108	1420	2655	3526	569	2898	1169	2142	2058	2162	2031	
1929	2190	1595	2467	1190	2892	2123	2008	2127	2107	1421	2653	3525	569	2897	1169	2142	2058	2160	1985	
1929	2182	1595	2451	1190	2892	2121	2006	2127	2107	1423	2650	3525	569	2895	1169	2142	2059	2156	1941	
1929	2177	1595	2440	1190	2892	2119	2005	2127	2108	1423	2649	3526	569	2894	1169	2141	2059	2150	1900	
1929	2172	1595	2433	1190	2892	2118	2004	2127	2107	1423	2649	3526	569	2894	1169	2142	2058	2140	1860	
1929	2169	1595	2426	1190	2892	2118	2003	2127	2107	1423	2648	3525	569	2895	1168	2142	2059	2123	1819	
1929	2167	1596	2419	1190	2892	2117	2002	2127	2107	1423	2648	3526	570	2895	1167	2142	2058	2094	1785	
1930	2163	1595	2406	1190	2892	2117	2002	2127	2107	1422	2648	3526	570	2896	1166	2141	2057	2056	1785	
1930	2158	1595	2391	1190	2892	2117	2002	2127	2108	1421	2648	3525	570	2897	1165	2141	2057	2012	1794	
1930	2154	1595	2376	1190	2892	2117	2002	2127	2107	1421	2648	3526	570	2897	1165	2141	2057	1963	1797	
1930	2154	1595	2366	1190	2892	2117	2002	2127	2107	1421	2648	3526	570	2897	1165	2141	2057	1915	1797	
1930	2153	1595	2366	1190	2892	2116	2002	2127	2107	1421	2647	3526	570	2897	1165	2141	2058	1871	1797	
1930	2154	1595	2366	1190	2892	2117	2002	2126	2107	1421	2648	3526	570	2897	1165	2141	2057	1829	1797	
1930	2154	1595	2366	1190	2892	2117	2002	2127	2107	1421	2648	3526	570	2897	1165	2141	2057	1784	1797	
1930	2154	1595	2366	1190	2892	2117	2002	2127	2107	1421	2648	3526	570	2897	1165	2141	2057	1740	1797	
1930	2155	1595	2366	1190	2892	2117	2002	2127	2107	1421	2647	3526	570	2896	1165	2141	2057	1696	1798	
1930	2154	1595	2366	1190	2892	2117	2002	2126	2107	1421	2648	3526	569	2896	1166	2141	2057	1655	1801	
1930	2155	1595	2366	1190	2892	2117	2001	2126	2107	1422	2646	3526	570	2896	1166	2141	2058	1619	1805	
1929	2154	1595	2366	1191	2892	2117	2001	2126	2107	1423	2646	3526	569	2895	1167	2141	2058	1589	1813	
1929	2154	1595	2366	1190	2892	2117	2001	2126	2108	1423	2646	3526	570	2894	1167	2141	2058	1573	1824	
1929	2153	1595	2368	1190	2892	2116	2001	2126	2107	1424	2645	3525	570	2894	1168	2141	2059	1574	1835	
1929	2153	1595	2369	1190	2892	2117	2001	2126	2108	1424	2645	3525	570	2895	1168	2142	2059	1580	1838	
1929	2153	1595	2372	1190	2892	2116	2002	2126	2107	1424	2645	3526	569	2894	1168	2142	2059	1595	1833	
1929	2152	1595	2378	1190	2892	2118	2003	2126	2107	1424	2645	3526	569	2896	1168	2142	2059	1623	1823	
1929	2151	1595	2382	1190	2892	2119	2003	2126	2107	1425	2646	3525	570	2897	1167	2142	2059	1668	1813	
1929	2150	1595	2389	1190	2892	2118	2004	2126	2108	1425	2646	3525	569	2897	1167	2142	2059	1723	1805	
1928	2150	1595	2398	1190	2892	2119	2004	2126	2107	1426	2645	3525	570	2897	1168	2142	2059	1787	1801	
1928	2150	1595	2409	1190	2892	2119	2003	2126	2107	1426	2644	3525	570	2896	1168	2142	2059	1855	1801	
1928	2150	1595	2423	1190	2892	2118	2004	2126	2107	1426	2645	3525	570	2896	1168	2142	2059	1921	1801	
1929	2151	1595	2437	1190	2892	2119	2003	2126	2107	1426	2645	3525	569	2896	1168	2142	2059	1980	1801	
1929	2150	1595	2451	1190	2892	2118	2003	2126	2107	1426	2645	3525	570	2896	1168	2142	2059	2029	1801	
1929	2150	1595	2463	1190	2892	2119	2003	2126	2108	1426	2645	3525	569	2896	1168	2142	2059	2062	1801	
1928	2150	1595	2474	1190	2892	2118	2002	2126	2107	1426	2645	3525	570	2896	1168	2142	2059	2072	1801	
1929	2150	1595	2482	1190	2892	2118	2002	2126	2107	1426	2645	3525	570	2896	1168	2142	2060	2069	1801	
1929	2150	1595	2487	1190	2892	2117	2002	2126	2107	1427	2645	3525	569	2896	1168	2142	2060	2064	1801	
1929	2150	1595	2488	1190	2892	2117	2001	2126	2107	1426	2644	3525	570	2896	1168	2142	2060	2059	1801	
1929	2150	1595	2488	1190	2892	2117	2002	2127	2107	1427	2645	3525	570	2896	1168	2142	2060	2052	1802	
1929	2149	1595	2488	1190	2892	2117	2001	2126	2107	1426	2644	3525	569	2896	1169	2141	2060	2049	1801	
1929	2149	1595	2488	1190	2892	2117	2001	2127	2107	1427	2644	3525	570	2896	1169	2142	2060	2049	1801	
1929	2149	1595	2488	1190	2892	2117	2001	2126	2107	1427	2644	3525	569	2896	1169	2142	2060	2049	1801	
1929	2149	1595	2488	1190	2892	2117	2002	2126	2107	1427	2644	3525	569	2895	1168	2142	2060	2049	1801	
1929	2149	1595	2488	1190	2892	2117	2002	2126	2107	1427	2644	3525	569	2896	1168	2142	2060	2049	1801	
1929	2148	1596	2488	1190	2892	2117	2002	2126	2107	1426	2644	3525	569	2896	1168	2142	2060	2049	1800	
1929	2149	1595	2488	1190	2892	2117	2002	2126	2107	1427	2644	3525	569	2896	1168	2142	2060	2049	1801	
1929	2148	1595	2488	1190	2892	2117	2002	2126	2107	1426	2645	3525	569	2895	1168	2141	2060	2049	1801	
1930	2148	1595	2488	1190	2892	2117	2001	2126	2107	1426	2644	3525	569	2895	1168	2142	2060	2049	1801	
1929	2148	1595	2488	1190	2892	2117	2002	2126	2107	1427	2644	3525	569	2896	1169	2142	2060	2049	1801	
1930	2148	1595	2488	1190	2892	2117	2002	2126	2107	1427	2644	3525	570	2896	1169	2142	2060	2049	1801	
1930	2148	1595	2488	1190	2892	2117	2002	2126	2107	1427	2645	3525	570	2896	1168	2142	2060	2050	1801	
1930	2148	1595	2488	1190	2892	2117	2002	2126	2107	1427	2644	3525	570	2896	1169	2142	2060	2050	1801	
1929	2148	1595	2488	1190	2892	2117	2002	2126	2107	1427	2645	3525	570	2896	1169	2142	2060	2049	1801	
1929	2148	1595	2488	1190	2892	2117	2002	2126	2107	1426	2644	3525	569	2897	1169	2142	2060	2049	1801	
1930	2148	1595	2488	1190	2892	2117	2002	2126	2107	1427	2645	3525	569	2897	1168	2142	2061	2049	1801	
1929	2149	1595	2488	1190	2892	2118	2001	2126	2107	1427	2644	3525	569	2897	1168	2141	2061	2049	1801	
1930	2148	1595	2488	1190	2892	2117	2002	2126	2107	1426	2644	3525	569	2897	1168	2141	2061	2049	1801	
1929	2149	1595	2488	1190	2892	2118	2002	2126	2107	1426	2645	3525	569	2896	1168	2139	2061	2049	1801	
1929	2148	1596	2488	1190	2892	2118	2002	2126	2107	1427	2645	3525	569	2897	1168	2137	2061	2049	1801	
1928	2148	1597	2488	1190	2892	2119	2001	2125	2107	1427	2645	3525	569	2896	1168	2135	2061	2049	1801	
1928	2149	1598	2488	1190	2892	2119	2002	2125	2107	1427	2644	3525	570	2897	1168	2132	2061	2050	1801	
1928	2149	1599	2488	1190	2892	2119	2002	2124	2107	1427	2645	3525	569	2897	1168	2130	2061	2049	1801	
1929	2149	1599	2488	1190	2892	2119	2002	2123	2106	1427	2645	3525	569	2896	1168	2128	2061	2049	1801	
1929	2149	1599	2488	1190	2892	2119	2001	2122	2106	1427	2645	3525	569	2896	1168	2128	2061	2049	1801	
1929	2148	1599	2488	1190	2892	2119	2002	2122	2106	1427	2645	3525	570	2896	1168	2128	2061	2049	1801	
1930	2148	1599	2488	1190	2892	2119	2002	2122	2105	1427	2645	3525	569	2896	1168	2127	2061	2049	1801	
1931	2148	1600	2488	1190	2892	2119	2002	2123	2105	1427	2645	3525	570	2896	1168	2127	2061	2049	1801	
1931	2148	1600	2488	1190	2892	2119	2002	2122	2105	1427	2645	3525	570	2896	1168	2127	2061	2049	1801	
1930	2148	1599	2488	1190	2892	2119	2002	2122	2106	1427	2645	3525	569	2896	1168	2127	2061	2049	1801	
1931	2147	1599	2488	1190	2892	2119	2002	2122	2105	1427	2645	3525	570	2896	1168	2127	2061	2049	1801	
1931	2147	1599	2488	1190	2892	2119	2002	2122	2106	1427	2645	3525	570	2896	1168	2127	2061	2049	1801	
1931	2147	1600	2488	1190	2892	2119	2002	2122	2106	1427	2645	3525	570	2896	1168	2126	2061	2049	1801	
1931	2147	1599	2488	1190	2891	2119	2002	2122	2105	1427	2645	3525	569	2896	1168	2127	2061	2049	1801	
1930	2146	1599	2488	1190	2892	2119	2002	2122	2105	1427	2645	3525	570	2896	1168	2126	2061	2049	1801	
1931	2146	1599	2488	1190	2892	2119	2002	2122	2105	1428	2645	3525	570	2896	1168	2126	2061	2049	1801	
1931	2146	1599	2488	1190	2892	2119	2002	2122	2106	1427	2645	3525	570	2896	1168	2126	2061	2049	1801	
1931	2146	1600	2488	1190	2892	2119	2002	2122	2106	1427	2645	3525	570	2896	1168	2126	2061	2049	1801	
1931	2145	1599	2488	1190	2892	2119	2002	2122	2106	1427	2645	3525	569	2896	1168	2127	2061	2049	1801	
1931	2146	1599	2488	1190	2892	2119	2002	2123	2105	1427	2645	3525	569	2896	1168	2126	2060	2050	1801	
1931	2146	1599	2488	1190	2892	2119	2002	2122	2105	1427	2645	3525	569	2896	1168	2126	2061	2049	1800	
1931	2145	1599	2488	1190	2892	2119	2002	2123	2106	1428	2645	3525	570	2896	1168	2126	2061	2049	1801	
1931	2145	1599	2488	1190	2892	2119	2002	2123	2106	1428	2645	3525	570	2896	1168	2126	2061	2049	1800	
1931	2145	1599	2488	1190	2892	2119	2002	2122	2105	1427	2644	3525	570	2896	1168	2126	2061	2049	1801	
1931	2145	1599	2488	1190	2892	2119	2002	2123	2106	1428	2645	3525	569	2896	1168	2126	2061	2049	1801	
1931	2145	1599	2488	1190	2893	2119	2002	2122	2106	1427	2645	3525	569	2895	1168	2126	2060	2050	1800	
1931	2145	1599	2488	1190	2892	2119	2002	2122	2105	1427	2645	3525	569	2895	1167	2126	2060	2049	1801	
1931	2145	1599	2488	1190	2892	2119	2002	2123	2105	1427	2645	3525	570	2895	1168	2126	2060	2049	1801	
