1995	2085	1723	2423	1053	2813	2294	2089	2192	2077	1936	2188	2423	1667	2349	1789	2201	2035	2051	1799	
1995	2085	1723	2423	1053	2813	2294	2089	2193	2077	1936	2189	2423	1667	2349	1789	2201	2034	2050	1800	
1995	2085	1724	2423	1053	2814	2294	2089	2193	2078	1934	2188	2423	1668	2349	1789	2201	2034	2051	1800	
1995	2085	1723	2423	1052	2814	2294	2088	2193	2078	1933	2189	2424	1669	2348	1790	2201	2034	2051	1800	
1995	2085	1723	2423	1053	2814	2295	2088	2193	2078	1928	2191	2425	1672	2342	1789	2201	2034	2050	1799	
1995	2085	1723	2423	1053	2814	2295	2088	2193	2079	1920	2194	2423	1684	2328	1789	2201	2034	2051	1799	
1995	2085	1724	2423	1052	2813	2295	2088	2193	2080	1901	2195	2422	1697	2316	1790	2201	2034	2050	1800	
1995	2085	1723	2423	1052	2813	2292	2088	2195	2081	1887	2195	2424	1703	2307	1790	2200	2034	2050	1799	
1995	2085	1724	2423	1052	2814	2290	2088	2197	2082	1876	2195	2429	1703	2304	1790	2198	2034	2050	1800	
1994	2085	1723	2423	1052	2814	2289	2088	2199	2084	1873	2194	2436	1702	2304	1794	2197	2033	2051	1799	
1994	2085	1724	2423	1052	2813	2289	2088	2202	2085	1873	2190	2445	1701	2307	1800	2196	2032	2051	1800	
1994	2085	1724	2423	1052	2813	2287	2089	2204	2085	1874	2182	2462	1700	2318	1808	2195	2031	2051	1799	
1995	2085	1724	2423	1052	2813	2285	2089	2208	2085	1874	2173	2484	1699	2331	1818	2195	2029	2051	1799	
1995	2085	1724	2423	1053	2813	2285	2089	2212	2085	1871	2168	2506	1699	2345	1828	2194	2027	2051	1800	
1995	2085	1724	2423	1052	2814	2286	2089	2214	2085	1865	2166	2527	1699	2356	1834	2191	2023	2050	1799	
1995	2085	1723	2423	1052	2814	2284	2088	2214	2085	1856	2165	2547	1699	2366	1836	2184	2017	2050	1800	
1995	2085	1723	2423	1053	2814	2281	2088	2214	2085	1845	2164	2566	1699	2372	1837	2175	2010	2051	1800	
1995	2085	1724	2423	1052	2813	2272	2088	2214	2085	1836	2164	2584	1698	2375	1839	2168	2000	2051	1800	
1994	2085	1723	2423	1052	2814	2267	2088	2214	2086	1828	2164	2601	1699	2377	1841	2160	1989	2051	1800	
1995	2085	1724	2423	1052	2813	2268	2088	2214	2086	1819	2163	2618	1699	2380	1845	2152	1980	2051	1799	
1995	2085	1723	2423	1052	2814	2269	2088	2214	2087	1805	2163	2639	1699	2383	1852	2142	1973	2050	1799	
1995	2087	1723	2423	1052	2813	2266	2088	2213	2086	1788	2164	2662	1698	2388	1864	2134	1968	2051	1800	
1994	2087	1723	2423	1052	2814	2257	2087	2213	2087	1775	2166	2681	1697	2391	1867	2130	1963	2051	1799	
1994	2086	1723	2423	1053	2814	2244	2083	2212	2088	1766	2167	2692	1696	2391	1867	2125	1958	2051	1799	
1993	2086	1723	2424	1052	2814	2234	2079	2210	2088	1759	2167	2699	1695	2389	1867	2120	1957	2050	1800	
1994	2086	1724	2424	1053	2814	2227	2075	2207	2088	1754	2167	2700	1695	2382	1869	2116	1956	2051	1799	
1992	2087	1723	2424	1053	2813	2225	2074	2204	2088	1750	2169	2700	1695	2376	1872	2112	1956	2050	1800	
1992	2087	1723	2424	1052	2814	2227	2076	2202	2088	1746	2170	2701	1695	2374	1874	2110	1955	2051	1800	
1992	2087	1723	2424	1052	2814	2233	2076	2198	2087	1744	2170	2702	1696	2372	1875	2106	1955	2051	1800	
1992	2086	1723	2426	1053	2813	2241	2077	2194	2085	1744	2170	2702	1695	2369	1877	2103	1955	2051	1800	
1992	2087	1723	2426	1053	2814	2243	2078	2191	2085	1742	2170	2702	1695	2365	1881	2099	1955	2051	1799	
1992	2087	1723	2427	1052	2814	2243	2078	2188	2084	1739	2170	2702	1695	2362	1884	2099	1954	2050	1799	
1992	2087	1723	2429	1052	2813	2242	2078	2187	2084	1740	2170	2702	1696	2361	1884	2098	1954	2051	1799	
1992	2087	1724	2431	1053	2813	2243	2077	2187	2084	1740	2170	2699	1696	2360	1883	2098	1955	2051	1800	
1992	2086	1724	2433	1053	2813	2244	2077	2186	2084	1741	2170	2694	1696	2360	1880	2099	1956	2051	1799	
1992	2087	1723	2435	1053	2813	2245	2076	2186	2081	1742	2170	2688	1696	2356	1879	2101	1956	2051	1800	
1992	2087	1724	2437	1053	2813	2248	2076	2186	2080	1743	2172	2679	1696	2350	1880	2102	1959	2051	1799	
1992	2087	1723	2439	1052	2813	2248	2077	2185	2080	1744	2177	2671	1696	2342	1881	2103	1964	2051	1800	
1992	2087	1723	2441	1053	2813	2246	2077	2181	2080	1744	2185	2662	1695	2332	1886	2103	1966	2051	1800	
1992	2087	1723	2443	1053	2814	2245	2076	2181	2080	1744	2197	2656	1696	2325	1894	2105	1967	2051	1799	
1992	2087	1723	2445	1052	2814	2246	2074	2181	2080	1744	2215	2652	1695	2320	1904	2109	1968	2051	1799	
1992	2087	1724	2445	1052	2814	2247	2071	2184	2078	1744	2240	2648	1695	2317	1918	2111	1968	2051	1800	
1992	2088	1723	2446	1053	2813	2248	2069	2185	2074	1744	2273	2647	1696	2316	1935	2112	1967	2051	1800	
1992	2087	1724	2447	1052	2814	2247	2071	2185	2070	1744	2316	2648	1698	2318	1950	2113	1967	2051	1799	
1992	2087	1724	2447	1053	2814	2246	2071	2185	2067	1744	2369	2648	1703	2320	1960	2113	1967	2051	1800	
1992	2087	1723	2447	1052	2814	2246	2073	2184	2063	1744	2428	2651	1720	2325	1959	2114	1967	2051	1800	
1992	2087	1723	2448	1052	2814	2245	2078	2185	2056	1744	2485	2654	1749	2331	1959	2116	1967	2051	1799	
1992	2087	1724	2448	1053	2814	2244	2088	2185	2043	1744	2537	2661	1789	2337	1959	2119	1967	2051	1800	
1992	2087	1724	2449	1052	2814	2243	2099	2187	2028	1744	2583	2663	1833	2340	1959	2121	1967	2051	1799	
1992	2087	1723	2448	1052	2814	2241	2109	2193	2013	1746	2621	2664	1872	2342	1959	2124	1967	2051	1800	
1992	2087	1724	2448	1053	2813	2240	2116	2202	2000	1750	2652	2664	1905	2344	1959	2127	1967	2051	1799	
1992	2087	1723	2449	1052	2814	2237	2119	2212	1990	1754	2677	2665	1928	2345	1959	2129	1967	2051	1799	
1992	2087	1724	2449	1052	2813	2234	2118	2219	1978	1757	2700	2663	1951	2345	1957	2131	1967	2051	1799	
1992	2087	1723	2449	1053	2814	2230	2116	2223	1962	1758	2722	2663	1977	2343	1944	2132	1967	2050	1799	
1992	2087	1724	2449	1052	2814	2229	2114	2222	1947	1758	2741	2663	2003	2342	1918	2134	1966	2051	1800	
1992	2088	1724	2449	1052	2813	2229	2109	2223	1931	1761	2756	2662	2024	2342	1883	2134	1965	2050	1799	
1992	2087	1723	2450	1052	2814	2228	2107	2223	1920	1763	2765	2659	2032	2341	1841	2134	1965	2051	1800	
1992	2087	1723	2450	1052	2814	2229	2104	2224	1914	1766	2772	2654	2033	2339	1797	2134	1965	2051	1799	
1992	2087	1724	2450	1052	2813	2229	2103	2223	1913	1771	2772	2649	2033	2338	1756	2134	1965	2051	1800	
1992	2087	1723	2450	1052	2813	2228	2103	2223	1913	1774	2769	2644	2031	2337	1718	2134	1965	2050	1800	
1992	2087	1723	2451	1052	2813	2228	2104	2223	1913	1776	2765	2641	2028	2336	1690	2134	1965	2051	1799	
1992	2087	1724	2451	1052	2814	2226	2104	2224	1913	1778	2759	2639	2025	2335	1674	2134	1965	2051	1800	
1992	2087	1724	2452	1053	2813	2226	2107	2223	1913	1779	2752	2639	2020	2335	1670	2134	1965	2051	1799	
1992	2087	1723	2452	1052	2813	2226	2107	2224	1913	1779	2745	2639	2014	2335	1670	2134	1965	2051	1799	
1992	2087	1723	2453	1052	2813	2226	2108	2223	1913	1779	2736	2638	2006	2334	1670	2134	1965	2051	1799	
1992	2087	1724	2453	1053	2814	2225	2108	2223	1913	1779	2723	2638	1991	2334	1670	2134	1965	2051	1799	
1992	2087	1723	2454	1053	2813	2225	2110	2223	1914	1779	2706	2639	1974	2334	1670	2134	1965	2051	1800	
1992	2087	1724	2454	1052	2813	2224	2114	2223	1914	1779	2688	2638	1950	2334	1670	2134	1965	2051	1799	
1992	2087	1724	2455	1052	2814	2224	2119	2223	1916	1779	2668	2638	1920	2334	1670	2133	1965	2050	1800	
1992	2087	1723	2456	1052	2813	2224	2127	2222	1917	1779	2644	2639	1887	2332	1670	2133	1965	2050	1800	
1992	2087	1723	2457	1052	2814	2226	2137	2222	1919	1779	2614	2639	1854	2333	1667	2133	1965	2050	1800	
1992	2087	1723	2458	1052	2814	2226	2145	2221	1925	1779	2582	2639	1824	2334	1666	2133	1965	2051	1800	
1992	2087	1724	2458	1052	2813	2229	2146	2219	1938	1779	2542	2639	1801	2335	1666	2134	1965	2050	1799	
1992	2087	1723	2458	1053	2813	2233	2144	2218	1954	1779	2497	2639	1792	2335	1666	2135	1965	2051	1799	
1992	2087	1723	2459	1053	2814	2241	2137	2218	1969	1779	2450	2639	1792	2337	1665	2138	1966	2051	1799	
1993	2085	1724	2460	1053	2814	2250	2121	2220	1979	1780	2442	2635	1815	2334	1656	2143	1964	2050	1800	
1991	2087	1723	2460	1053	2814	2261	2097	2221	1988	1776	2441	2630	1836	2328	1654	2144	1956	2051	1800	
1993	2089	1723	2460	1052	2813	2267	2081	2221	1992	1777	2438	2623	1839	2327	1650	2143	1952	2051	1800	
1992	2090	1724	2461	1053	2813	2262	2069	2221	1993	1781	2438	2614	1830	2325	1640	2142	1954	2051	1800	
1992	2089	1724	2461	1052	2814	2250	2059	2221	1994	1795	2437	2598	1797	2322	1632	2140	1960	2051	1800	
1992	2089	1724	2461	1052	2814	2237	2042	2221	1997	1817	2437	2578	1741	2316	1621	2140	1964	2051	1799	
1991	2089	1724	2461	1053	2813	2229	2027	2220	2003	1838	2438	2553	1675	2307	1611	2139	1966	2051	1800	
1991	2089	1724	2462	1053	2814	2225	2017	2221	2009	1856	2438	2526	1608	2296	1592	2139	1966	2051	1800	
1991	2089	1723	2462	1053	2813	2226	2014	2220	2012	1870	2438	2500	1538	2286	1569	2139	1966	2051	1800	
1991	2089	1724	2462	1052	2814	2225	2015	2220	2014	1882	2437	2480	1467	2278	1544	2139	1966	2051	1800	
1990	2090	1723	2463	1053	2814	2230	2013	2220	2015	1889	2435	2470	1392	2274	1513	2138	1966	2051	1799	
1991	2089	1723	2463	1053	2813	2237	2013	2219	2015	1889	2430	2469	1321	2273	1477	2139	1966	2051	1799	
1991	2089	1724	2463	1052	2813	2248	2017	2218	2015	1885	2428	2468	1263	2270	1441	2138	1966	2051	1800	
1991	2089	1724	2463	1052	2814	2256	2017	2216	2015	1881	2426	2467	1234	2265	1415	2138	1966	2051	1800	
1991	2090	1724	2464	1052	2814	2263	2017	2212	2014	1875	2417	2467	1231	2263	1403	2137	1966	2051	1800	
1991	2091	1724	2463	1053	2813	2266	2016	2208	2014	1874	2404	2467	1232	2264	1396	2137	1966	2051	1799	
1991	2091	1723	2463	1052	2814	2266	2016	2204	2014	1874	2388	2467	1232	2265	1393	2136	1966	2051	1799	
1991	2091	1723	2463	1052	2814	2266	2012	2202	2014	1874	2372	2467	1231	2265	1392	2136	1966	2051	1800	
1991	2091	1724	2464	1052	2814	2266	2010	2202	2014	1874	2353	2467	1232	2265	1392	2136	1966	2051	1800	
1991	2091	1723	2464	1052	2814	2266	2006	2202	2013	1872	2333	2467	1233	2263	1392	2136	1966	2051	1799	
1991	2091	1723	2463	1053	2813	2266	2002	2202	2012	1871	2314	2467	1234	2263	1392	2136	1966	2051	1800	
1991	2091	1723	2463	1053	2813	2266	1998	2203	2010	1871	2298	2468	1236	2263	1391	2136	1966	2051	1800	
1991	2091	1723	2463	1052	2814	2266	1992	2202	2007	1870	2287	2469	1239	2263	1392	2136	1966	2051	1799	
1991	2091	1724	2464	1052	2814	2266	1987	2202	2005	1870	2281	2470	1248	2263	1392	2135	1966	2051	1800	
1991	2091	1723	2464	1052	2813	2268	1984	2202	2004	1867	2280	2472	1268	2263	1392	2136	1966	2051	1800	
1991	2091	1723	2464	1052	2813	2270	1982	2201	2004	1863	2282	2477	1308	2264	1392	2137	1966	2050	1799	
1991	2091	1723	2464	1052	2813	2274	1982	2201	2004	1859	2288	2483	1368	2267	1392	2139	1966	2051	1800	
1991	2091	1724	2464	1052	2814	2275	1984	2203	2004	1856	2305	2489	1447	2270	1393	2143	1966	2051	1800	
1993	2091	1724	2464	1052	2813	2271	1986	2212	2005	1858	2314	2485	1457	2268	1431	2146	1958	2050	1800	
1992	2090	1723	2467	1052	2813	2263	1987	2227	2005	1865	2347	2481	1465	2269	1473	2149	1950	2051	1800	
1990	2091	1723	2468	1053	2813	2257	1990	2235	2005	1864	2408	2482	1491	2269	1498	2151	1948	2051	1800	
1989	2091	1723	2470	1052	2813	2256	1992	2237	2003	1862	2487	2483	1532	2266	1504	2154	1948	2050	1799	
1989	2091	1723	2471	1052	2812	2256	1997	2237	2000	1857	2569	2484	1584	2265	1504	2156	1948	2051	1800	
1989	2091	1724	2471	1052	2813	2257	2006	2237	1999	1851	2643	2487	1650	2268	1503	2159	1948	2051	1800	
1989	2092	1723	2472	1052	2812	2256	2025	2237	1998	1849	2700	2490	1724	2272	1503	2165	1948	2051	1799	
1989	2091	1723	2472	1052	2812	2256	2054	2238	1998	1849	2741	2493	1796	2275	1503	2172	1948	2051	1800	
1989	2091	1724	2472	1052	2813	2256	2084	2247	1998	1849	2773	2492	1850	2276	1508	2178	1948	2050	1799	
1990	2091	1723	2472	1053	2812	2257	2108	2258	1998	1851	2797	2492	1873	2276	1513	2182	1948	2051	1800	
1989	2091	1724	2472	1052	2813	2256	2123	2265	1998	1853	2822	2492	1876	2276	1519	2182	1949	2050	1799	
1989	2091	1723	2472	1052	2812	2255	2130	2265	1998	1853	2839	2493	1874	2274	1520	2181	1949	2051	1800	
1989	2091	1723	2472	1053	2813	2255	2132	2265	1998	1853	2850	2493	1874	2272	1520	2177	1949	2051	1800	
1989	2091	1723	2472	1052	2812	2252	2133	2265	1998	1853	2854	2492	1875	2272	1521	2174	1949	2051	1800	
1989	2091	1724	2472	1052	2812	2247	2132	2265	1998	1853	2854	2493	1874	2272	1520	2172	1949	2050	1800	
1989	2091	1723	2472	1052	2813	2244	2131	2265	1998	1853	2855	2493	1874	2273	1520	2171	1949	2050	1799	
1989	2091	1724	2472	1052	2813	2241	2127	2265	1998	1853	2856	2493	1874	2273	1521	2169	1949	2051	1800	
1989	2091	1723	2473	1052	2812	2240	2122	2265	1998	1854	2857	2493	1875	2274	1521	2168	1949	2051	1800	
1989	2092	1724	2474	1053	2812	2236	2118	2265	1998	1855	2857	2493	1875	2275	1521	2168	1949	2051	1799	
1989	2091	1723	2474	1052	2813	2234	2116	2265	1998	1855	2855	2493	1874	2275	1520	2168	1949	2051	1800	
1989	2092	1723	2474	1052	2813	2234	2115	2264	1998	1854	2852	2493	1874	2275	1521	2168	1949	2050	1799	
1989	2091	1723	2474	1053	2813	2236	2115	2264	1998	1854	2844	2493	1872	2274	1521	2168	1949	2051	1800	
1989	2091	1724	2475	1052	2812	2236	2115	2264	1998	1854	2832	2493	1872	2274	1521	2168	1949	2050	1800	
1989	2091	1723	2475	1052	2812	2236	2115	2264	1998	1854	2814	2493	1872	2274	1521	2168	1949	2051	1799	
1989	2091	1723	2475	1053	2813	2235	2116	2263	1998	1854	2790	2493	1872	2272	1520	2167	1949	2051	1799	
1989	2092	1723	2475	1053	2813	2235	2116	2263	1998	1854	2762	2493	1872	2269	1520	2167	1948	2051	1800	
1989	2091	1724	2475	1052	2812	2235	2115	2263	1999	1854	2725	2493	1872	2269	1520	2165	1949	2050	1799	
1989	2091	1723	2475	1052	2813	2235	2113	2262	1999	1854	2685	2493	1872	2270	1521	2162	1949	2051	1800	
1989	2091	1723	2476	1052	2813	2235	2108	2260	1999	1854	2647	2493	1872	2272	1520	2161	1949	2050	1800	
1989	2092	1723	2476	1053	2813	2235	2098	2258	1999	1854	2610	2493	1872	2272	1521	2161	1949	2051	1800	
1989	2091	1724	2477	1052	2813	2235	2087	2256	1999	1854	2578	2493	1872	2272	1520	2160	1949	2051	1800	
1989	2091	1724	2478	1053	2813	2235	2075	2256	2000	1854	2548	2494	1872	2272	1521	2160	1949	2051	1800	
1989	2092	1723	2479	1052	2812	2237	2063	2255	1999	1853	2521	2495	1872	2273	1520	2161	1949	2051	1800	
1989	2092	1723	2480	1053	2812	2237	2054	2255	2000	1851	2498	2496	1873	2272	1520	2161	1948	2050	1800	
1989	2092	1724	2480	1053	2813	2238	2045	2255	1999	1850	2480	2496	1872	2272	1520	2162	1949	2051	1800	
1989	2091	1723	2480	1052	2812	2240	2035	2255	2000	1850	2468	2496	1873	2271	1520	2162	1948	2051	1800	
1989	2091	1724	2480	1053	2812	2241	2027	2255	2000	1850	2456	2495	1873	2272	1518	2162	1949	2051	1799	
1989	2091	1723	2480	1053	2813	2238	2020	2254	1999	1850	2447	2496	1872	2272	1517	2161	1948	2051	1799	
1989	2091	1723	2480	1053	2813	2238	2013	2253	2000	1850	2439	2495	1871	2272	1517	2160	1949	2051	1800	
1990	2091	1723	2480	1053	2812	2238	2009	2253	2000	1850	2428	2496	1866	2271	1518	2160	1949	2051	1800	
1989	2091	1724	2480	1053	2813	2238	2003	2253	1999	1850	2422	2495	1855	2270	1518	2161	1949	2051	1799	
1989	2091	1723	2480	1052	2813	2237	1998	2253	1999	1849	2419	2495	1836	2270	1518	2160	1948	2051	1800	
1989	2091	1724	2480	1052	2813	2237	1991	2253	2000	1849	2418	2495	1810	2269	1518	2160	1948	2051	1799	
1989	2091	1724	2480	1052	2812	2238	1982	2252	2000	1849	2419	2496	1785	2269	1518	2160	1949	2051	1800	
1989	2091	1723	2480	1052	2813	2238	1972	2252	2000	1850	2419	2496	1765	2269	1518	2159	1948	2051	1799	
1989	2091	1723	2481	1052	2812	2240	1960	2251	2000	1849	2419	2495	1758	2268	1518	2158	1949	2050	1800	
1989	2091	1723	2480	1052	2812	2241	1945	2246	2000	1845	2416	2495	1749	2266	1518	2158	1948	2051	1799	
1989	2092	1723	2480	1052	2812	2241	1934	2240	2000	1844	2413	2496	1732	2265	1518	2153	1948	2050	1800	
1989	2091	1724	2480	1052	2812	2240	1929	2234	2001	1844	2405	2496	1698	2265	1520	2151	1948	2051	1799	
1989	2091	1723	2480	1052	2812	2238	1929	2230	2003	1844	2396	2496	1652	2265	1521	2149	1948	2051	1799	
1989	2091	1723	2480	1052	2812	2241	1926	2227	2011	1843	2393	2496	1602	2264	1520	2149	1948	2051	1799	
1989	2091	1723	2481	1053	2812	2244	1921	2226	2019	1841	2391	2496	1552	2264	1520	2149	1948	2051	1800	
1989	2092	1723	2481	1052	2813	2246	1913	2226	2025	1840	2388	2496	1502	2264	1521	2148	1949	2051	1800	
1989	2091	1723	2481	1053	2813	2247	1905	2225	2032	1840	2385	2496	1456	2265	1521	2148	1949	2051	1800	
1989	2092	1723	2481	1053	2813	2249	1894	2221	2040	1838	2383	2496	1418	2264	1522	2148	1949	2051	1800	
1989	2091	1723	2481	1052	2812	2254	1883	2218	2046	1835	2379	2498	1389	2264	1527	2148	1951	2050	1799	
1989	2091	1723	2481	1053	2812	2258	1867	2214	2056	1832	2373	2500	1374	2264	1534	2148	1952	2050	1799	
1989	2092	1724	2481	1053	2812	2265	1848	2208	2064	1827	2358	2507	1375	2267	1539	2148	1954	2051	1799	
1989	2091	1724	2481	1052	2812	2268	1832	2203	2070	1819	2343	2517	1384	2271	1539	2148	1953	2051	1800	
1989	2091	1724	2481	1052	2812	2271	1821	2198	2074	1806	2328	2532	1403	2276	1539	2148	1954	2050	1800	
1989	2091	1723	2481	1052	2813	2273	1818	2195	2075	1790	2311	2551	1435	2281	1538	2148	1954	2051	1800	
1989	2092	1723	2481	1053	2812	2274	1817	2197	2076	1775	2299	2567	1451	2285	1544	2148	1958	2050	1800	
1989	2091	1723	2481	1052	2812	2272	1810	2205	2080	1766	2298	2580	1451	2288	1548	2148	1963	2050	1800	
1989	2092	1723	2481	1052	2813	2271	1806	2207	2082	1761	2299	2590	1450	2294	1554	2149	1968	2051	1800	
1989	2091	1724	2481	1053	2812	2269	1806	2206	2081	1758	2299	2597	1451	2296	1560	2148	1972	2051	1800	
1989	2092	1723	2481	1052	2812	2267	1806	2206	2082	1756	2298	2600	1454	2296	1567	2148	1976	2051	1800	
1988	2091	1724	2481	1052	2813	2267	1806	2206	2084	1754	2299	2601	1457	2296	1574	2148	1976	2051	1799	
1989	2091	1724	2481	1052	2813	2268	1805	2206	2084	1754	2299	2601	1460	2296	1583	2148	1977	2051	1799	
1989	2091	1724	2481	1052	2812	2269	1805	2206	2084	1754	2300	2603	1465	2297	1601	2149	1977	2050	1800	
1989	2091	1723	2481	1053	2812	2270	1805	2206	2084	1753	2301	2605	1474	2298	1630	2150	1979	2051	1799	
1989	2091	1723	2481	1053	2813	2273	1805	2207	2084	1752	2304	2606	1489	2299	1672	2152	1981	2050	1800	
1989	2091	1723	2481	1053	2812	2277	1806	2206	2084	1749	2304	2607	1510	2299	1719	2154	1984	2050	1799	
1989	2091	1723	2481	1052	2812	2281	1808	2204	2084	1746	2301	2609	1532	2299	1768	2155	1984	2051	1799	
1989	2091	1723	2481	1053	2813	2286	1811	2202	2084	1740	2300	2613	1548	2299	1819	2156	1985	2051	1799	
1989	2091	1723	2481	1053	2812	2291	1814	2202	2083	1733	2299	2618	1561	2299	1868	2157	1984	2051	1799	
1989	2091	1723	2481	1053	2812	2295	1815	2201	2084	1726	2298	2623	1567	2300	1913	2158	1984	2050	1800	
1989	2092	1723	2481	1052	2812	2297	1815	2200	2084	1722	2297	2627	1568	2302	1947	2158	1987	2051	1799	
1989	2091	1723	2481	1052	2813	2297	1815	2200	2084	1720	2297	2630	1568	2303	1949	2157	2002	2051	1799	
1989	2092	1724	2481	1052	2812	2297	1815	2200	2084	1718	2296	2633	1568	2304	1949	2157	2015	2051	1800	
1989	2092	1724	2481	1052	2813	2297	1815	2200	2084	1719	2296	2634	1568	2304	1949	2157	2025	2051	1799	
1989	2092	1723	2481	1053	2813	2297	1815	2200	2086	1718	2296	2634	1568	2304	1948	2158	2029	2050	1800	
1989	2091	1723	2481	1053	2812	2298	1815	2200	2086	1717	2295	2634	1568	2304	1947	2158	2028	2051	1799	
1989	2091	1723	2481	1053	2813	2298	1815	2200	2086	1716	2295	2634	1572	2304	1944	2157	2029	2051	1799	
1989	2091	1723	2481	1052	2813	2298	1816	2198	2086	1714	2295	2635	1575	2303	1938	2157	2029	2051	1800	
1989	2092	1724	2481	1052	2813	2301	1817	2194	2086	1711	2292	2638	1584	2304	1928	2157	2028	2051	1799	
1989	2092	1724	2481	1053	2813	2306	1819	2189	2086	1704	2287	2645	1599	2304	1911	2158	2029	2051	1799	
1990	2092	1724	2481	1052	2813	2311	1822	2186	2087	1697	2282	2649	1607	2304	1894	2157	2024	2051	1799	
1989	2092	1723	2481	1052	2812	2312	1825	2188	2088	1694	2279	2654	1605	2306	1892	2157	2018	2050	1800	
1989	2091	1724	2481	1053	2813	2312	1827	2188	2087	1694	2278	2656	1605	2307	1892	2157	2016	2050	1799	
1990	2091	1724	2481	1052	2813	2312	1829	2188	2087	1693	2278	2658	1605	2308	1892	2156	2016	2051	1799	
1989	2091	1723	2481	1052	2813	2312	1830	2188	2087	1692	2278	2658	1605	2308	1893	2156	2016	2051	1799	
1989	2091	1724	2481	1052	2812	2312	1830	2188	2088	1692	2278	2659	1605	2307	1893	2156	2016	2051	1799	
1989	2091	1724	2481	1052	2813	2312	1830	2188	2087	1691	2278	2658	1605	2307	1893	2156	2016	2050	1800	
1990	2091	1723	2481	1053	2813	2312	1833	2188	2087	1691	2278	2659	1605	2307	1893	2155	2016	2050	1799	
1990	2091	1724	2481	1053	2813	2312	1839	2188	2087	1691	2278	2661	1605	2308	1893	2155	2015	2051	1799	
1989	2091	1723	2481	1053	2812	2312	1845	2188	2088	1689	2278	2662	1605	2308	1894	2155	2015	2051	1800	
1990	2091	1723	2481	1053	2813	2313	1849	2188	2088	1688	2279	2663	1605	2308	1894	2155	2015	2051	1799	
1989	2091	1723	2481	1052	2812	2313	1850	2189	2088	1687	2280	2664	1604	2309	1894	2155	2014	2051	1799	
1989	2091	1723	2481	1052	2812	2313	1850	2188	2088	1686	2280	2665	1603	2309	1894	2154	2014	2051	1799	
1989	2091	1724	2481	1053	2813	2313	1851	2188	2088	1686	2281	2665	1603	2309	1894	2154	2015	2051	1800	
1990	2091	1723	2481	1052	2812	2313	1852	2188	2088	1687	2281	2665	1603	2308	1894	2155	2014	2051	1800	
1989	2091	1723	2481	1053	2812	2313	1854	2188	2088	1687	2282	2665	1602	2308	1894	2155	2014	2051	1799	
1989	2092	1723	2481	1052	2812	2313	1858	2188	2088	1686	2289	2665	1600	2308	1897	2154	2014	2051	1799	
1989	2091	1724	2481	1053	2812	2314	1866	2188	2088	1687	2307	2666	1600	2309	1909	2155	2014	2050	1800	
1989	2091	1724	2481	1053	2813	2314	1878	2188	2088	1686	2341	2669	1600	2309	1929	2156	2014	2051	1799	
1989	2091	1723	2481	1052	2813	2315	1895	2188	2088	1686	2395	2675	1602	2313	1955	2157	2015	2051	1799	
1989	2091	1723	2481	1052	2812	2320	1914	2187	2087	1679	2465	2687	1609	2319	1978	2160	2014	2051	1799	
1989	2091	1724	2481	1052	2812	2328	1941	2187	2085	1665	2549	2704	1633	2325	1985	2164	2015	2051	1799	
1990	2090	1723	2481	1052	2813	2334	1974	2188	2078	1647	2649	2723	1669	2330	1984	2170	2015	2051	1799	
1989	2091	1723	2481	1052	2813	2341	2003	2192	2060	1629	2746	2743	1713	2335	1982	2175	2015	2051	1800	
1990	2090	1723	2481	1052	2813	2345	2032	2194	2034	1615	2838	2761	1758	2342	1982	2178	2014	2050	1800	
1990	2091	1724	2481	1053	2812	2345	2060	2195	2005	1606	2913	2775	1798	2347	1981	2180	2015	2050	1799	
1990	2091	1724	2481	1052	2813	2346	2084	2196	1983	1600	2966	2780	1833	2349	1981	2180	2015	2050	1799	
1990	2090	1723	2481	1053	2812	2346	2110	2196	1969	1601	2998	2778	1857	2348	1981	2181	2014	2050	1799	
1990	2090	1723	2481	1053	2812	2346	2134	2196	1968	1602	3015	2776	1865	2347	1981	2179	2015	2051	1799	
1990	2090	1723	2481	1052	2813	2346	2153	2195	1968	1603	3022	2774	1865	2346	1981	2177	2015	2051	1799	
1990	2090	1723	2481	1052	2813	2345	2165	2193	1969	1604	3021	2772	1864	2346	1980	2172	2015	2051	1800	
1990	2090	1723	2481	1052	2812	2346	2172	2187	1968	1604	3014	2772	1862	2346	1981	2169	2015	2051	1800	
1990	2090	1723	2481	1052	2812	2345	2175	2182	1968	1604	2997	2772	1858	2346	1981	2167	2015	2051	1800	
1990	2090	1724	2481	1052	2812	2344	2175	2180	1969	1604	2968	2772	1855	2346	1981	2166	2015	2051	1799	
1990	2090	1723	2481	1053	2812	2343	2174	2181	1968	1604	2924	2772	1855	2345	1981	2165	2015	2050	1800	
1990	2090	1723	2481	1052	2813	2343	2173	2183	1968	1604	2871	2771	1855	2345	1981	2165	2015	2051	1799	
1990	2090	1724	2481	1053	2812	2342	2171	2184	1968	1604	2810	2769	1855	2344	1981	2165	2015	2051	1799	
1990	2090	1723	2481	1053	2812	2341	2167	2185	1968	1606	2745	2764	1855	2343	1981	2165	2015	2050	1800	
1990	2090	1724	2481	1052	2812	2341	2158	2186	1968	1610	2680	2758	1855	2340	1981	2164	2015	2051	1799	
1990	2090	1723	2481	1052	2812	2341	2147	2188	1969	1615	2617	2749	1855	2336	1981	2164	2015	2050	1800	
1990	2090	1723	2481	1053	2812	2341	2132	2188	1969	1621	2561	2737	1855	2331	1980	2164	2015	2051	1800	
1990	2090	1724	2481	1052	2812	2341	2115	2188	1972	1628	2511	2721	1855	2324	1980	2162	2015	2051	1799	
1990	2092	1723	2481	1052	2813	2342	2090	2189	1975	1639	2486	2702	1864	2317	1979	2162	2015	2050	1799	
1990	2091	1723	2481	1052	2813	2341	2056	2189	1979	1648	2477	2688	1876	2313	1977	2161	2014	2051	1799	
1990	2092	1723	2481	1052	2812	2342	2025	2188	1985	1658	2469	2676	1879	2312	1977	2161	2015	2051	1799	
1991	2092	1723	2481	1052	2813	2338	2002	2190	1992	1669	2463	2668	1876	2310	1977	2160	2015	2051	1799	
1991	2091	1723	2481	1053	2812	2328	1991	2194	1995	1680	2458	2654	1862	2306	1976	2160	2015	2051	1800	
1991	2090	1723	2481	1053	2812	2323	1984	2197	1999	1691	2454	2640	1841	2301	1977	2160	2015	2051	1799	
1991	2090	1723	2481	1052	2813	2321	1979	2197	2003	1700	2452	2625	1814	2295	1976	2160	2015	2051	1799	
1991	2090	1724	2481	1052	2813	2322	1975	2197	2007	1711	2452	2614	1787	2292	1976	2159	2015	2051	1799	
1990	2090	1724	2481	1052	2812	2322	1974	2197	2012	1721	2453	2606	1761	2291	1976	2158	2015	2051	1800	
1991	2090	1723	2481	1052	2812	2320	1974	2197	2014	1731	2455	2601	1736	2292	1976	2156	2015	2051	1800	
1991	2090	1724	2481	1052	2813	2317	1974	2198	2015	1739	2463	2598	1718	2292	1975	2155	2015	2051	1800	
1990	2090	1723	2481	1052	2813	2313	1975	2197	2015	1741	2477	2598	1715	2294	1975	2154	2015	2051	1799	
1990	2090	1723	2481	1053	2812	2310	1975	2198	2015	1742	2503	2602	1721	2298	1976	2154	2015	2051	1799	
1990	2090	1723	2481	1052	2813	2307	1972	2200	2015	1741	2544	2608	1741	2304	1975	2156	2015	2050	1799	
1990	2091	1723	2481	1052	2813	2307	1968	2202	2013	1740	2595	2621	1782	2312	1975	2159	2015	2050	1800	
1990	2090	1723	2481	1052	2812	2304	1972	2208	2007	1739	2657	2635	1842	2320	1975	2164	2015	2051	1799	
1990	2090	1723	2481	1052	2813	2300	1982	2218	1994	1732	2719	2647	1915	2323	1975	2168	2015	2050	1799	
1990	2090	1724	2481	1052	2812	2299	1994	2229	1978	1723	2776	2653	1987	2322	1976	2171	2015	2051	1799	
1990	2090	1723	2481	1052	2812	2297	2002	2238	1960	1718	2823	2657	2052	2321	1975	2171	2015	2051	1800	
1990	2091	1724	2481	1052	2812	2296	2006	2244	1945	1714	2873	2658	2076	2320	1975	2171	2015	2050	1800	
1990	2091	1723	2481	1052	2813	2293	2007	2246	1933	1712	2932	2658	2052	2319	1975	2171	2015	2050	1799	
1990	2090	1724	2481	1053	2813	2291	2005	2244	1931	1712	2973	2657	2031	2318	1975	2170	2015	2050	1800	
1990	2091	1724	2481	1053	2813	2290	2005	2243	1931	1712	2996	2657	2013	2318	1975	2169	2015	2050	1799	
1990	2091	1723	2481	1053	2812	2288	2005	2243	1931	1712	3001	2657	1999	2318	1975	2168	2015	2051	1799	
1990	2091	1723	2481	1052	2813	2286	2005	2243	1931	1712	2997	2657	1986	2318	1975	2167	2015	2050	1800	
1990	2091	1724	2482	1052	2812	2285	2006	2242	1931	1712	2982	2657	1974	2318	1975	2166	2015	2050	1799	
1990	2091	1724	2482	1053	2812	2284	2008	2242	1931	1711	2958	2657	1960	2316	1975	2165	2015	2051	1799	
1990	2091	1723	2481	1052	2813	2284	2011	2242	1931	1708	2928	2657	1947	2314	1975	2164	2015	2051	1799	
1990	2091	1723	2482	1053	2812	2284	2018	2241	1931	1702	2887	2657	1931	2311	1975	2163	2015	2051	1799	
1990	2091	1723	2481	1052	2813	2284	2031	2236	1931	1695	2840	2657	1907	2308	1975	2160	2015	2051	1799	
1989	2091	1723	2482	1052	2813	2283	2047	2233	1932	1694	2796	2656	1861	2308	1975	2156	2015	2050	1799	
1989	2091	1723	2481	1053	2812	2280	2056	2231	1941	1697	2755	2656	1793	2309	1975	2152	2015	2050	1800	
1989	2091	1723	2481	1052	2813	2280	2057	2225	1961	1698	2726	2655	1706	2310	1973	2150	2015	2051	1800	
1989	2091	1723	2482	1053	2813	2280	2048	2222	1987	1699	2711	2654	1603	2309	1965	2150	2014	2051	1799	
1989	2091	1723	2482	1053	2812	2282	2028	2222	2011	1698	2702	2653	1489	2308	1952	2149	2014	2051	1800	
1989	2091	1723	2482	1052	2813	2282	1999	2222	2035	1698	2701	2653	1360	2307	1932	2149	2014	2051	1800	
1990	2090	1723	2482	1052	2812	2282	1963	2221	2057	1695	2699	2652	1226	2306	1910	2149	2014	2051	1799	
1990	2090	1723	2482	1053	2813	2284	1934	2218	2069	1688	2701	2652	1110	2303	1885	2149	2014	2051	1799	
1990	2090	1723	2482	1052	2812	2286	1918	2212	2070	1681	2706	2653	1020	2299	1865	2146	2014	2051	1799	
1990	2091	1723	2483	1052	2812	2287	1901	2208	2070	1675	2708	2656	952	2298	1846	2139	2014	2051	1800	
1989	2091	1723	2483	1052	2812	2286	1876	2205	2070	1674	2707	2658	890	2299	1833	2134	2014	2051	1799	
1990	2091	1723	2482	1052	2813	2284	1847	2197	2070	1672	2700	2661	841	2300	1825	2130	2014	2051	1799	
1990	2101	1724	2482	1052	2814	2283	1826	2189	2069	1666	2690	2662	812	2298	1823	2127	2014	2050	1799	
1990	2113	1723	2482	1053	2814	2283	1817	2184	2068	1659	2674	2663	803	2295	1823	2126	2014	2051	1800	
1990	2121	1724	2482	1052	2814	2285	1814	2181	2062	1650	2646	2664	803	2290	1823	2125	2014	2051	1799	
1990	2129	1723	2482	1052	2814	2285	1817	2180	2050	1642	2609	2667	808	2287	1823	2125	2014	2051	1800	
1990	2138	1723	2482	1053	2814	2282	1826	2180	2032	1634	2569	2670	817	2284	1823	2123	2014	2051	1799	
1990	2144	1723	2483	1052	2814	2278	1842	2180	2010	1631	2523	2672	833	2283	1823	2120	2014	2051	1800	
1990	2144	1724	2483	1053	2814	2273	1867	2179	1987	1630	2470	2673	860	2284	1823	2118	2014	2051	1799	
1990	2144	1723	2483	1052	2814	2266	1898	2177	1970	1630	2408	2673	897	2283	1823	2116	2014	2051	1799	
1990	2143	1724	2483	1052	2814	2263	1926	2178	1965	1630	2343	2671	949	2282	1823	2116	2014	2050	1799	
1990	2142	1723	2483	1053	2814	2262	1947	2178	1965	1630	2283	2668	1013	2280	1823	2115	2014	2050	1800	
1990	2142	1723	2483	1053	2814	2263	1952	2178	1965	1631	2221	2668	1095	2281	1823	2116	2014	2051	1799	
1990	2142	1724	2483	1052	2814	2264	1950	2178	1965	1631	2162	2670	1199	2282	1823	2116	2014	2051	1799	
1990	2141	1724	2484	1052	2814	2268	1946	2179	1964	1631	2109	2671	1327	2282	1823	2118	2014	2051	1800	
1990	2141	1724	2484	1052	2814	2269	1943	2187	1961	1632	2067	2669	1471	2282	1823	2119	2014	2051	1799	
1990	2147	1723	2484	1052	2814	2268	1946	2208	1954	1635	2040	2664	1611	2280	1822	2124	2014	2050	1800	
1990	2151	1724	2483	1052	2814	2264	1955	2244	1946	1644	2030	2650	1739	2277	1820	2129	2014	2051	1799	
1990	2151	1723	2485	1052	2814	2256	1968	2277	1931	1666	2037	2630	1851	2274	1820	2134	2014	2051	1799	
1990	2151	1723	2486	1053	2814	2241	1979	2298	1911	1699	2063	2611	1958	2272	1820	2141	2014	2050	1800	
1988	2150	1723	2481	1052	2814	2232	1975	2304	1897	1734	2116	2589	2065	2270	1820	2146	2014	2051	1800	
1989	2150	1723	2480	1052	2814	2232	1965	2304	1896	1758	2216	2574	2071	2270	1814	2151	2014	2050	1800	
1989	2147	1723	2482	1052	2814	2236	1949	2300	1903	1765	2359	2567	2024	2271	1811	2153	2013	2051	1800	
1988	2144	1723	2485	1053	2814	2250	1932	2274	1928	1759	2498	2568	1995	2272	1809	2156	2014	2050	1800	
1989	2141	1723	2487	1052	2814	2263	1927	2250	1969	1749	2616	2572	1980	2276	1807	2160	2013	2051	1800	
1988	2141	1723	2488	1053	2813	2276	1939	2238	2014	1737	2702	2579	1967	2282	1806	2163	2014	2050	1800	
1989	2141	1723	2489	1052	2814	2284	1964	2238	2058	1729	2749	2590	1953	2287	1806	2169	2014	2050	1799	
1989	2141	1723	2489	1053	2814	2287	1991	2248	2091	1721	2780	2598	1941	2289	1806	2174	2015	2050	1800	
1989	2141	1723	2489	1052	2814	2288	2016	2258	2111	1717	2798	2603	1932	2290	1806	2175	2016	2051	1799	
1989	2142	1724	2489	1053	2814	2286	2035	2262	2123	1711	2810	2607	1927	2289	1806	2174	2017	2051	1800	
1989	2141	1723	2489	1052	2814	2286	2054	2261	2125	1704	2819	2610	1920	2288	1807	2171	2019	2051	1799	
1989	2141	1723	2489	1052	2814	2285	2074	2256	2126	1699	2825	2612	1905	2286	1810	2167	2024	2051	1800	
1988	2141	1724	2489	1053	2814	2284	2101	2252	2126	1694	2832	2612	1872	2282	1811	2166	2033	2051	1799	
1989	2141	1723	2489	1053	2814	2285	2135	2251	2127	1692	2843	2613	1826	2279	1810	2165	2039	2050	1799	
1989	2141	1723	2489	1053	2814	2287	2162	2248	2135	1691	2851	2614	1771	2279	1810	2164	2041	2051	1800	
1988	2141	1723	2489	1052	2814	2292	2179	2245	2147	1689	2861	2615	1703	2281	1807	2164	2041	2051	1800	
1988	2141	1723	2489	1052	2814	2299	2184	2243	2156	1687	2871	2616	1626	2282	1806	2164	2041	2051	1800	
1989	2141	1723	2489	1053	2814	2305	2186	2244	2157	1686	2878	2619	1545	2283	1804	2164	2041	2050	1800	
1989	2141	1723	2489	1052	2814	2307	2185	2244	2157	1680	2879	2624	1466	2284	1803	2164	2042	2050	1799	
1989	2141	1723	2489	1052	2814	2309	2181	2243	2157	1670	2878	2631	1385	2284	1803	2164	2041	2050	1799	
1989	2141	1723	2489	1053	2814	2310	2173	2243	2157	1656	2879	2640	1305	2285	1803	2164	2041	2050	1800	
1989	2141	1724	2489	1053	2814	2311	2163	2243	2159	1643	2879	2654	1230	2287	1803	2164	2041	2051	1800	
1989	2141	1723	2489	1053	2814	2313	2151	2241	2161	1627	2879	2670	1163	2290	1803	2164	2041	2050	1800	
1989	2141	1724	2489	1053	2814	2315	2138	2237	2164	1607	2879	2688	1108	2293	1803	2164	2041	2050	1799	
1989	2140	1723	2489	1052	2814	2318	2125	2232	2168	1584	2879	2707	1075	2296	1803	2163	2041	2051	1800	
1989	2141	1723	2489	1053	2814	2322	2114	2227	2169	1561	2878	2727	1061	2298	1803	2162	2041	2051	1799	
1989	2141	1724	2489	1052	2814	2327	2103	2220	2171	1536	2874	2749	1060	2301	1803	2160	2041	2051	1800	
1990	2140	1723	2489	1052	2814	2329	2089	2214	2173	1515	2861	2769	1059	2304	1803	2158	2041	2050	1799	
1990	2140	1723	2489	1052	2814	2330	2073	2209	2174	1500	2844	2787	1058	2308	1803	2156	2041	2051	1800	
1990	2141	1723	2489	1052	2814	2329	2057	2208	2174	1490	2819	2803	1057	2311	1803	2154	2041	2051	1799	
1990	2141	1723	2489	1053	2814	2328	2045	2207	2174	1487	2787	2812	1058	2312	1803	2154	2041	2051	1799	
1990	2140	1723	2489	1053	2814	2327	2033	2208	2174	1485	2750	2813	1063	2313	1803	2154	2041	2051	1799	
1990	2140	1724	2489	1052	2814	2327	2025	2208	2173	1485	2716	2813	1077	2312	1803	2154	2041	2051	1799	
1990	2140	1723	2489	1052	2814	2327	2020	2208	2173	1485	2684	2814	1106	2312	1803	2154	2041	2051	1800	
1990	2140	1723	2489	1053	2814	2327	2018	2207	2173	1485	2651	2814	1152	2313	1803	2154	2041	2051	1799	
1990	2140	1723	2489	1052	2814	2327	2018	2207	2174	1485	2616	2816	1211	2314	1803	2154	2041	2051	1800	
1990	2140	1723	2489	1052	2814	2327	2020	2207	2174	1486	2578	2815	1280	2314	1803	2154	2041	2051	1799	
1990	2140	1723	2489	1052	2814	2326	2023	2207	2176	1487	2535	2815	1357	2315	1803	2155	2041	2051	1800	
1990	2140	1724	2490	1053	2814	2324	2029	2208	2177	1489	2495	2813	1428	2315	1813	2156	2047	2050	1799	
1990	2139	1723	2490	1053	2814	2321	2033	2215	2179	1499	2462	2803	1452	2314	1842	2158	2059	2051	1799	
1992	2136	1723	2492	1052	2814	2317	2043	2216	2179	1504	2432	2797	1481	2312	1860	2160	2067	2051	1799	
1993	2134	1724	2493	1052	2814	2317	2051	2218	2180	1513	2411	2789	1500	2309	1864	2161	2058	2050	1800	
1992	2133	1723	2493	1053	2813	2315	2061	2219	2180	1517	2404	2785	1508	2306	1863	2161	2050	2050	1800	
1993	2133	1723	2494	1052	2814	2314	2064	2220	2180	1519	2400	2783	1510	2307	1862	2160	2050	2050	1800	
1993	2133	1723	2494	1053	2814	2313	2064	2221	2179	1521	2400	2783	1507	2308	1860	2161	2050	2051	1800	
1993	2133	1723	2494	1052	2814	2313	2062	2221	2179	1521	2400	2784	1500	2308	1854	2161	2053	2051	1800	
1993	2133	1724	2494	1053	2814	2313	2060	2223	2180	1521	2403	2784	1490	2310	1847	2162	2056	2051	1800	
1993	2133	1723	2494	1053	2814	2313	2060	2223	2179	1521	2406	2786	1478	2313	1839	2165	2058	2050	1799	
1993	2133	1723	2494	1052	2814	2312	2059	2224	2180	1521	2410	2791	1464	2317	1828	2169	2061	2051	1800	
1993	2133	1724	2494	1053	2814	2312	2060	2226	2180	1521	2415	2799	1448	2324	1817	2175	2064	2051	1799	
1994	2133	1723	2493	1053	2814	2311	2061	2228	2180	1521	2420	2807	1432	2333	1804	2182	2067	2050	1799	
1993	2133	1724	2494	1052	2814	2312	2060	2231	2180	1521	2423	2814	1419	2341	1792	2188	2070	2051	1799	
1994	2133	1723	2494	1052	2814	2313	2061	2233	2180	1521	2424	2820	1410	2347	1784	2195	2072	2051	1799	
1994	2132	1723	2494	1052	2814	2313	2060	2236	2181	1521	2424	2823	1404	2351	1778	2200	2073	2050	1799	
1994	2133	1724	2494	1052	2814	2313	2060	2238	2182	1521	2424	2827	1400	2356	1774	2203	2074	2050	1799	
1994	2132	1723	2494	1053	2814	2313	2060	2241	2183	1521	2421	2831	1400	2360	1772	2205	2074	2051	1799	
1994	2133	1723	2494	1052	2813	2313	2059	2241	2184	1519	2422	2835	1400	2363	1772	2205	2073	2050	1799	
1994	2132	1723	2494	1053	2813	2311	2059	2241	2184	1518	2421	2840	1401	2365	1771	2205	2071	2051	1799	
1994	2133	1723	2494	1053	2814	2312	2060	2241	2184	1517	2420	2843	1401	2368	1771	2204	2068	2051	1799	
1995	2132	1724	2494	1052	2814	2311	2059	2242	2184	1517	2417	2848	1401	2369	1771	2203	2066	2051	1799	
1994	2133	1724	2493	1053	2814	2308	2059	2245	2185	1517	2417	2851	1400	2369	1772	2202	2065	2050	1800	
1994	2132	1723	2494	1052	2814	2307	2059	2247	2188	1515	2416	2853	1400	2369	1772	2202	2064	2051	1800	
1994	2133	1723	2494	1053	2814	2307	2059	2248	2189	1511	2416	2854	1400	2368	1773	2201	2064	2051	1799	
1994	2132	1723	2494	1053	2814	2306	2055	2250	2191	1508	2417	2855	1400	2366	1772	2200	2066	2051	1800	
1994	2132	1723	2494	1052	2814	2306	2047	2250	2197	1506	2417	2855	1400	2366	1771	2200	2064	2051	1799	
1995	2132	1723	2494	1053	2814	2306	2040	2254	2199	1503	2417	2856	1401	2365	1771	2200	2060	2051	1799	
1994	2133	1723	2494	1052	2814	2305	2033	2256	2201	1499	2418	2857	1402	2362	1771	2200	2055	2050	1800	
1995	2133	1723	2494	1053	2814	2305	2028	2259	2205	1494	2419	2856	1402	2359	1771	2200	2049	2051	1800	
1995	2132	1723	2494	1052	2814	2305	2025	2264	2209	1487	2422	2857	1403	2356	1770	2199	2044	2051	1799	
1994	2133	1723	2494	1052	2814	2305	2025	2269	2212	1482	2425	2857	1403	2353	1768	2199	2035	2050	1800	
1994	2133	1724	2494	1053	2814	2304	2024	2274	2215	1478	2426	2856	1404	2349	1767	2196	2028	2051	1800	
1995	2132	1723	2494	1053	2814	2301	2024	2277	2219	1479	2427	2853	1404	2347	1764	2185	2025	2051	1799	
1994	2133	1724	2493	1053	2814	2300	2025	2280	2225	1480	2432	2850	1403	2347	1764	2167	2025	2051	1800	
1995	2133	1723	2494	1052	2814	2297	2024	2281	2227	1479	2433	2851	1401	2346	1762	2149	2025	2051	1799	
1994	2132	1723	2494	1052	2814	2295	2023	2280	2227	1479	2433	2852	1400	2346	1761	2145	2024	2051	1799	
1994	2132	1723	2494	1053	2814	2291	2022	2279	2227	1476	2433	2854	1400	2348	1761	2145	2022	2051	1799	
1995	2132	1723	2494	1053	2814	2284	2022	2277	2224	1470	2429	2868	1402	2352	1761	2145	2017	2051	1799	
1994	2132	1723	2494	1052	2814	2273	2022	2271	2217	1464	2425	2907	1404	2358	1761	2145	2009	2051	1799	
1994	2132	1723	2494	1052	2814	2254	2021	2266	2208	1457	2424	2965	1409	2365	1763	2145	2001	2051	1799	
1994	2132	1723	2494	1053	2814	2227	2017	2259	2199	1445	2424	3032	1413	2376	1767	2145	1995	2050	1800	
1995	2132	1723	2494	1052	2814	2199	2005	2254	2194	1427	2424	3096	1420	2391	1773	2145	1990	2050	1799	
1995	2132	1723	2494	1053	2814	2173	1992	2253	2191	1405	2424	3156	1423	2408	1777	2145	1986	2051	1800	
1995	2132	1724	2494	1053	2814	2148	1980	2253	2190	1382	2424	3202	1422	2427	1778	2145	1982	2051	1800	
1995	2132	1723	2494	1052	2814	2130	1972	2254	2190	1355	2425	3236	1419	2448	1779	2145	1978	2051	1799	
1994	2132	1724	2494	1052	2814	2119	1971	2256	2187	1328	2424	3265	1418	2473	1780	2145	1975	2050	1800	
1994	2132	1723	2494	1052	2814	2115	1975	2256	2184	1305	2424	3282	1415	2498	1780	2145	1973	2051	1800	
1994	2132	1723	2494	1052	2814	2116	1986	2256	2183	1284	2424	3278	1412	2527	1778	2145	1973	2051	1799	
1995	2132	1723	2494	1052	2814	2119	2000	2254	2184	1264	2421	3256	1411	2556	1776	2145	1975	2050	1799	
1995	2132	1724	2494	1053	2814	2123	2011	2249	2184	1242	2418	3213	1412	2584	1774	2145	1976	2050	1800	
1995	2132	1723	2494	1052	2814	2130	2019	2237	2183	1211	2413	3152	1416	2615	1773	2145	1980	2051	1799	
1995	2132	1723	2494	1052	2814	2140	2025	2221	2182	1173	2408	3072	1424	2643	1772	2145	1984	2051	1799	
1994	2132	1724	2494	1052	2813	2151	2028	2195	2182	1140	2402	2975	1433	2671	1772	2145	1990	2051	1799	
1994	2132	1723	2494	1053	2814	2163	2031	2161	2184	1129	2393	2863	1439	2695	1770	2145	1997	2051	1800	
1995	2132	1723	2494	1052	2814	2184	2036	2111	2186	1131	2381	2736	1441	2702	1765	2145	2002	2050	1799	
1995	2132	1723	2494	1052	2814	2215	2039	2051	2187	1135	2372	2611	1446	2684	1761	2145	2004	2050	1799	
1995	2132	1723	2494	1052	2814	2238	2043	1995	2188	1146	2368	2492	1452	2652	1761	2145	2006	2050	1799	
1995	2132	1723	2494	1052	2814	2254	2052	1954	2186	1158	2366	2388	1456	2619	1763	2145	2007	2051	1799	
1995	2132	1723	2494	1052	2814	2270	2057	1926	2183	1165	2364	2315	1460	2587	1764	2145	2009	2051	1799	
1995	2132	1724	2494	1052	2814	2281	2058	1920	2180	1171	2364	2279	1462	2558	1765	2146	2010	2051	1799	
1995	2132	1724	2494	1052	2814	2289	2059	1923	2177	1175	2364	2280	1464	2533	1766	2145	2010	2051	1799	
1995	2132	1723	2494	1052	2814	2292	2058	1930	2176	1182	2364	2299	1465	2510	1767	2145	2010	2050	1799	
1995	2132	1724	2495	1052	2813	2292	2058	1942	2176	1190	2364	2330	1465	2487	1767	2145	2010	2051	1800	
1995	2132	1723	2494	1053	2813	2290	2059	1955	2176	1192	2364	2374	1466	2462	1768	2145	2011	2050	1800	
1995	2132	1724	2494	1053	2814	2287	2058	1971	2174	1192	2366	2429	1469	2432	1770	2146	2010	2051	1800	
1995	2132	1723	2494	1053	2814	2281	2056	1989	2173	1189	2368	2493	1472	2393	1773	2145	2010	2051	1799	
1995	2132	1724	2494	1053	2814	2279	2049	2010	2171	1181	2368	2569	1475	2346	1776	2146	2010	2051	1799	
1995	2132	1723	2494	1053	2814	2274	2040	2039	2169	1165	2369	2655	1477	2291	1778	2145	2011	2051	1799	
1995	2132	1724	2494	1052	2814	2269	2036	2066	2168	1150	2369	2749	1477	2235	1779	2145	2010	2051	1800	
1995	2131	1723	2494	1053	2814	2266	2030	2081	2168	1129	2369	2855	1477	2180	1778	2146	2010	2051	1799	
1995	2131	1723	2494	1052	2814	2264	2025	2092	2168	1114	2370	2967	1477	2128	1780	2145	2010	2051	1800	
1995	2131	1723	2494	1053	2814	2260	2024	2094	2168	1103	2373	3082	1477	2082	1782	2145	2008	2050	1799	
1995	2131	1723	2494	1052	2814	2248	2025	2094	2169	1094	2377	3201	1478	2043	1786	2145	2006	2050	1799	
1995	2131	1723	2494	1053	2814	2228	2026	2093	2168	1088	2384	3312	1478	2017	1792	2146	2006	2051	1800	
1995	2131	1723	2495	1053	2814	2205	2024	2099	2168	1099	2404	3305	1479	1998	1802	2145	2006	2050	1799	
1995	2128	1723	2495	1053	2814	2180	2027	2115	2160	1121	2422	3298	1472	1989	1810	2145	2008	2050	1799	
1997	2127	1723	2495	1053	2814	2157	2029	2135	2150	1154	2435	3301	1465	1985	1810	2145	2005	2050	1799	
1997	2126	1723	2495	1053	2814	2137	2030	2150	2144	1185	2445	3300	1457	1974	1811	2145	2004	2051	1799	
1997	2124	1722	2495	1053	2814	2122	2030	2163	2142	1211	2457	3300	1450	1968	1813	2145	2002	2050	1799	
1997	2123	1723	2495	1053	2814	2109	2028	2174	2142	1234	2469	3296	1446	1970	1816	2146	2001	2051	1799	
1997	2123	1723	2495	1053	2814	2097	2024	2184	2142	1251	2482	3282	1442	1976	1823	2145	2001	2050	1799	
1997	2122	1723	2495	1053	2814	2087	2020	2194	2142	1267	2498	3252	1438	1984	1830	2145	2000	2050	1800	
1997	2121	1723	2495	1052	2814	2076	2017	2205	2141	1284	2515	3210	1433	1993	1837	2145	1998	2050	1800	
1997	2121	1723	2495	1053	2813	2067	2017	2213	2139	1306	2527	3158	1423	2001	1839	2145	1998	2051	1799	
1997	2120	1723	2495	1052	2814	2060	2020	2218	2138	1333	2536	3088	1412	2008	1839	2145	1997	2051	1800	
1997	2119	1723	2495	1053	2814	2056	2025	2219	2139	1352	2541	3007	1404	2012	1838	2145	1997	2050	1799	
1999	2118	1722	2495	1053	2813	2052	2028	2218	2136	1355	2539	2985	1412	2020	1835	2145	1995	2051	1799	
2000	2117	1722	2495	1052	2814	2049	2029	2216	2131	1354	2537	2976	1419	2025	1837	2145	1995	2050	1799	
2001	2116	1722	2495	1053	2814	2053	2030	2206	2131	1320	2522	2926	1419	2031	1834	2145	1997	2050	1799	
2002	2113	1722	2495	1053	2814	2066	2031	2193	2131	1268	2504	2852	1421	2038	1825	2145	1997	2051	1799	
2000	2111	1722	2495	1053	2814	2089	2035	2182	2132	1218	2483	2766	1423	2051	1813	2145	1996	2051	1799	
2001	2110	1722	2495	1053	2814	2115	2047	2176	2132	1179	2456	2678	1427	2067	1801	2145	1994	2051	1799	
2001	2111	1722	2495	1053	2814	2149	2065	2167	2132	1151	2424	2587	1440	2084	1791	2145	1994	2051	1799	
2001	2110	1722	2495	1053	2814	2186	2080	2150	2132	1133	2390	2502	1462	2101	1786	2145	1996	2050	1799	
2004	2110	1722	2495	1052	2814	2224	2092	2109	2131	1120	2354	2429	1491	2116	1785	2145	1998	2051	1799	
2004	2110	1722	2495	1053	2814	2260	2094	2061	2126	1107	2325	2370	1519	2131	1787	2145	2000	2050	1799	
2005	2110	1722	2495	1053	2814	2281	2095	2024	2123	1101	2300	2338	1540	2143	1790	2145	2001	2050	1799	
2006	2110	1722	2495	1053	2814	2289	2095	2002	2118	1100	2283	2336	1558	2149	1794	2145	2001	2051	1799	
2006	2110	1722	2495	1052	2814	2288	2095	1992	2112	1099	2274	2354	1571	2148	1798	2145	2000	2050	1799	
2006	2110	1722	2495	1053	2814	2284	2095	1991	2106	1095	2270	2388	1580	2142	1804	2145	1999	2051	1800	
2005	2110	1722	2495	1052	2814	2279	2095	1991	2100	1083	2269	2436	1586	2134	1808	2145	1998	2051	1799	
2005	2110	1722	2495	1053	2814	2275	2094	1991	2098	1066	2269	2498	1592	2128	1812	2145	1997	2050	1799	
2006	2110	1722	2495	1053	2814	2269	2091	1991	2099	1047	2272	2571	1595	2126	1816	2145	1997	2051	1799	
2006	2110	1722	2495	1053	2814	2264	2083	1992	2099	1033	2274	2654	1596	2125	1818	2145	1997	2050	1800	
2006	2110	1721	2495	1053	2814	2259	2078	1995	2099	1022	2275	2743	1596	2126	1820	2145	1996	2051	1799	
2005	2110	1721	2495	1053	2814	2255	2074	2002	2099	1014	2276	2834	1596	2126	1821	2145	1995	2051	1799	
2006	2110	1722	2495	1053	2814	2251	2073	2013	2099	1010	2280	2923	1597	2126	1824	2145	1994	2051	1799	
2006	2110	1722	2495	1053	2814	2246	2071	2026	2099	1011	2285	3008	1598	2126	1828	2145	1993	2050	1799	
2005	2110	1721	2495	1053	2814	2236	2071	2039	2100	1014	2294	3082	1597	2126	1832	2144	1993	2051	1799	
2005	2110	1722	2495	1053	2814	2224	2071	2047	2101	1023	2305	3137	1594	2124	1837	2145	1994	2051	1799	
2006	2110	1722	2495	1053	2814	2208	2069	2051	2102	1032	2317	3172	1591	2123	1840	2145	1995	2050	1799	
2006	2110	1722	2495	1053	2814	2195	2066	2056	2101	1047	2326	3191	1584	2122	1842	2145	1994	2051	1799	
2006	2110	1722	2495	1053	2814	2180	2062	2067	2102	1067	2336	3196	1577	2119	1842	2144	1994	2050	1799	
2006	2110	1722	2495	1053	2813	2162	2059	2079	2102	1089	2345	3192	1568	2113	1843	2145	1994	2051	1800	
2005	2110	1722	2495	1052	2814	2148	2053	2090	2101	1111	2354	3186	1559	2105	1842	2145	1994	2051	1799	
2006	2110	1722	2495	1053	2814	2134	2044	2099	2101	1132	2366	3180	1552	2091	1843	2145	1994	2050	1799	
2006	2110	1722	2495	1053	2814	2119	2037	2108	2100	1152	2379	3171	1543	2075	1843	2145	1993	2050	1799	
2006	2110	1722	2495	1052	2814	2104	2031	2112	2100	1171	2394	3158	1534	2055	1843	2145	1994	2050	1799	
2006	2110	1722	2495	1053	2814	2095	2023	2115	2098	1187	2410	3139	1524	2035	1844	2145	1994	2051	1800	
2006	2110	1722	2495	1053	2814	2087	2017	2115	2094	1204	2425	3114	1513	2019	1844	2145	1993	2051	1799	
2006	2110	1722	2495	1053	2814	2086	2015	2115	2089	1221	2438	3087	1502	2007	1844	2145	1993	2051	1799	
2005	2110	1722	2495	1053	2814	2086	2015	2116	2082	1242	2448	3061	1495	1995	1844	2145	1992	2051	1799	
2006	2110	1722	2495	1053	2814	2089	2015	2116	2075	1267	2454	3034	1494	1988	1844	2145	1988	2051	1799	
2006	2110	1722	2495	1053	2814	2089	2016	2117	2068	1294	2455	3012	1495	1986	1844	2145	1984	2050	1799	
2006	2110	1722	2496	1053	2814	2089	2017	2119	2058	1325	2455	2995	1499	1988	1845	2145	1980	2050	1799	
2006	2110	1722	2495	1053	2814	2087	2018	2119	2051	1358	2455	2979	1504	1992	1848	2144	1976	2051	1799	
2006	2110	1722	2495	1053	2814	2085	2019	2119	2046	1387	2455	2962	1513	2002	1852	2145	1973	2051	1799	
2006	2110	1722	2495	1053	2814	2082	2020	2119	2045	1415	2455	2944	1522	2015	1860	2145	1973	2051	1799	
2006	2110	1722	2495	1053	2814	2077	2021	2119	2044	1443	2455	2920	1531	2030	1867	2145	1973	2051	1800	
2006	2110	1721	2495	1053	2813	2073	2020	2119	2043	1476	2455	2888	1535	2048	1871	2145	1973	2051	1799	
2006	2110	1722	2495	1053	2814	2068	2021	2119	2043	1507	2455	2849	1537	2062	1875	2145	1973	2051	1799	
2006	2110	1722	2495	1053	2814	2065	2021	2119	2044	1539	2455	2800	1542	2076	1878	2143	1973	2051	1800	
2006	2110	1722	2495	1053	2814	2061	2021	2119	2041	1568	2455	2759	1550	2102	1878	2138	1972	2050	1799	
2006	2109	1721	2495	1053	2814	2061	2021	2118	2040	1602	2452	2716	1561	2139	1883	2133	1971	2051	1800	
2006	2109	1721	2495	1053	2814	2064	2018	2116	2040	1641	2450	2657	1571	2182	1892	2132	1973	2050	1799	
2006	2109	1722	2495	1052	2814	2071	2018	2114	2041	1693	2448	2583	1577	2229	1897	2128	1974	2051	1799	
2004	2108	1721	2495	1053	2814	2080	2021	2111	2042	1752	2445	2503	1581	2270	1898	2118	1974	2050	1800	
2005	2107	1721	2496	1053	2814	2091	2024	2107	2037	1803	2426	2467	1594	2259	1897	2103	1970	2051	1799	
2003	2106	1720	2495	1053	2814	2095	2026	2105	2032	1832	2403	2438	1612	2249	1899	2108	1969	2050	1799	
2004	2104	1719	2495	1052	2814	2095	2025	2105	2032	1842	2381	2411	1629	2235	1901	2109	1970	2050	1799	
2004	2101	1720	2495	1053	2814	2098	2024	2105	2033	1841	2364	2390	1645	2210	1903	2109	1970	2051	1800	
2004	2099	1719	2495	1053	2814	2102	2027	2106	2033	1836	2349	2375	1657	2184	1904	2109	1968	2051	1799	
2004	2097	1719	2495	1052	2814	2112	2032	2107	2033	1821	2340	2366	1667	2157	1907	2109	1967	2051	1799	
2005	2096	1719	2495	1052	2814	2124	2040	2110	2033	1798	2334	2365	1671	2127	1909	2109	1966	2051	1799	
2005	2096	1719	2495	1053	2814	2137	2049	2114	2036	1769	2333	2364	1669	2091	1911	2109	1968	2050	1800	
2005	2096	1719	2495	1053	2814	2147	2057	2118	2044	1725	2333	2362	1662	2055	1912	2109	1971	2051	1800	
2005	2096	1719	2495	1053	2814	2153	2065	2122	2061	1669	2333	2359	1654	2025	1911	2109	1979	2050	1799	
2005	2096	1719	2495	1053	2814	2159	2069	2125	2084	1602	2333	2352	1646	2009	1906	2109	1991	2051	1799	
2005	2096	1719	2496	1053	2814	2165	2070	2124	2111	1520	2333	2342	1632	2005	1896	2109	2007	2050	1799	
2005	2096	1719	2495	1053	2814	2176	2069	2124	2137	1429	2330	2332	1608	2009	1874	2109	2022	2050	1799	
2004	2096	1719	2496	1053	2813	2192	2069	2120	2164	1331	2328	2319	1575	2018	1843	2109	2035	2051	1799	
2006	2096	1719	2495	1053	2814	2212	2068	2088	2193	1235	2326	2310	1541	2032	1812	2109	2046	2050	1799	
2006	2095	1719	2496	1053	2814	2233	2068	2025	2216	1145	2327	2309	1515	2051	1788	2109	2056	2051	1799	
2006	2095	1719	2496	1053	2814	2248	2069	1951	2227	1063	2330	2318	1504	2072	1779	2109	2068	2051	1799	
2006	2095	1719	2496	1053	2814	2251	2073	1886	2228	1002	2333	2336	1501	2093	1780	2109	2081	2050	1799	
2006	2096	1719	2496	1053	2814	2251	2079	1850	2226	955	2336	2362	1501	2113	1780	2109	2087	2050	1799	
2006	2095	1719	2496	1052	2814	2253	2086	1846	2221	914	2340	2398	1501	2132	1780	2109	2088	2050	1799	
2006	2096	1719	2496	1053	2814	2258	2087	1855	2217	885	2340	2442	1501	2150	1780	2109	2088	2050	1799	
2006	2096	1719	2496	1053	2814	2268	2087	1861	2215	880	2339	2485	1502	2165	1779	2109	2086	2051	1799	
2006	2096	1719	2495	1053	2814	2281	2086	1864	2207	876	2338	2530	1502	2179	1780	2109	2082	2051	1799	
2006	2096	1719	2495	1052	2814	2294	2082	1873	2199	871	2341	2577	1502	2192	1782	2109	2077	2051	1799	
2006	2095	1719	2495	1052	2814	2310	2076	1888	2192	868	2345	2623	1502	2202	1784	2109	2073	2051	1799	
2006	2096	1719	2495	1053	2814	2323	2069	1906	2187	864	2349	2671	1502	2204	1788	2110	2069	2050	1799	
2006	2095	1719	2495	1052	2814	2335	2066	1926	2183	862	2356	2722	1501	2199	1794	2110	2064	2050	1799	
2006	2095	1719	2496	1053	2814	2341	2065	1953	2180	861	2368	2769	1500	2189	1802	2109	2057	2050	1799	
2006	2096	1719	2496	1053	2814	2342	2066	1982	2179	862	2381	2808	1498	2174	1813	2110	2050	2050	1799	
2006	2095	1719	2495	1053	2814	2340	2066	2015	2177	863	2398	2848	1497	2154	1825	2110	2044	2051	1799	
2006	2095	1719	2495	1053	2814	2330	2066	2053	2176	864	2420	2885	1495	2124	1839	2110	2036	2050	1799	
2006	2095	1719	2495	1053	2814	2315	2064	2091	2174	867	2444	2915	1492	2088	1852	2110	2031	2050	1799	
2006	2096	1719	2495	1053	2813	2296	2060	2125	2174	873	2471	2937	1484	2051	1865	2110	2027	2051	1799	
2006	2095	1719	2495	1053	2814	2274	2054	2144	2174	887	2499	2956	1468	2012	1875	2110	2024	2050	1799	
2006	2095	1719	2495	1052	2814	2248	2051	2158	2173	912	2532	2975	1451	1972	1882	2110	2020	2050	1799	
2006	2095	1719	2496	1053	2814	2219	2049	2172	2170	941	2566	2990	1433	1938	1890	2110	2015	2051	1799	
2006	2095	1719	2496	1052	2814	2192	2049	2183	2167	977	2600	2993	1414	1919	1897	2109	2012	2050	1799	
2006	2095	1719	2495	1053	2814	2167	2049	2190	2166	1024	2635	2988	1394	1912	1905	2110	2011	2050	1799	
2006	2095	1719	2496	1053	2814	2148	2049	2190	2166	1074	2666	2969	1374	1915	1911	2109	2011	2051	1799	
2006	2095	1719	2496	1053	2814	2136	2048	2189	2166	1120	2695	2931	1355	1922	1916	2110	2010	2051	1799	
2006	2095	1719	2496	1053	2814	2134	2044	2188	2165	1166	2721	2875	1337	1932	1920	2110	2010	2050	1800	
2007	2094	1719	2496	1052	2813	2131	2038	2187	2165	1207	2743	2808	1324	1951	1924	2108	2009	2051	1799	
2007	2093	1719	2496	1053	2814	2126	2029	2186	2160	1217	2756	2760	1323	2015	1929	2102	2006	2051	1800	
2007	2092	1719	2495	1053	2813	2122	2025	2182	2157	1232	2762	2762	1325	2054	1936	2091	2002	2050	1800	
2008	2092	1719	2496	1053	2814	2120	2023	2172	2148	1236	2760	2780	1326	2062	1938	2086	2000	2050	1799	
2009	2088	1719	2496	1053	2814	2120	2023	2162	2140	1243	2755	2782	1326	2077	1936	2079	1995	2051	1799	
2009	2085	1719	2496	1053	2814	2121	2024	2155	2133	1251	2747	2781	1329	2083	1933	2073	1989	2051	1799	
2011	2083	1719	2496	1053	2814	2121	2022	2149	2126	1265	2738	2778	1335	2086	1929	2069	1985	2051	1799	
2011	2081	1719	2496	1053	2814	2121	2021	2144	2122	1283	2726	2774	1344	2089	1925	2068	1984	2051	1799	
2011	2079	1719	2496	1053	2814	2120	2021	2142	2119	1302	2709	2761	1356	2096	1920	2068	1984	2050	1799	
2011	2079	1719	2496	1053	2814	2121	2021	2141	2118	1328	2685	2746	1368	2106	1911	2070	1984	2051	1799	
2011	2079	1719	2496	1053	2813	2121	2020	2141	2115	1361	2655	2729	1384	2116	1900	2072	1984	2051	1799	
2011	2079	1719	2496	1053	2814	2120	2021	2141	2112	1400	2616	2709	1404	2127	1890	2075	1985	2051	1799	
2011	2078	1719	2496	1053	2814	2121	2020	2141	2110	1442	2576	2688	1427	2138	1881	2076	1986	2050	1799	
2012	2079	1719	2496	1053	2814	2120	2020	2141	2106	1482	2533	2665	1453	2148	1875	2076	1986	2051	1799	
2011	2079	1719	2496	1053	2814	2119	2020	2140	2103	1520	2492	2642	1479	2158	1869	2076	1986	2050	1799	
2011	2078	1719	2496	1053	2814	2117	2020	2138	2098	1559	2452	2625	1502	2170	1864	2076	1986	2051	1799	
2011	2079	1719	2496	1053	2814	2112	2018	2136	2092	1598	2413	2612	1518	2182	1854	2077	1986	2050	1799	
2011	2079	1719	2496	1053	2814	2106	2016	2130	2087	1634	2377	2606	1525	2196	1841	2076	1986	2051	1799	
2011	2078	1719	2496	1053	2814	2098	2011	2124	2079	1663	2347	2606	1523	2213	1824	2076	1986	2051	1799	
2011	2079	1719	2496	1053	2814	2089	2005	2118	2070	1687	2323	2612	1515	2231	1805	2076	1985	2050	1799	
2011	2079	1719	2496	1053	2814	2080	1998	2111	2062	1704	2305	2625	1499	2251	1783	2074	1985	2050	1799	
2011	2079	1719	2496	1053	2814	2074	1992	2108	2057	1714	2292	2651	1474	2273	1758	2073	1984	2050	1799	
2011	2079	1719	2496	1053	2814	2068	1987	2107	2053	1713	2290	2689	1438	2298	1733	2072	1982	2050	1799	
2011	2079	1719	2496	1053	2814	2064	1983	2107	2052	1701	2294	2735	1395	2325	1705	2069	1979	2051	1799	
2011	2079	1719	2496	1052	2814	2060	1979	2109	2052	1676	2312	2786	1351	2350	1680	2066	1976	2050	1799	
2011	2079	1719	2496	1053	2814	2057	1972	2109	2052	1640	2343	2841	1300	2371	1655	2061	1971	2050	1799	
2011	2078	1719	2496	1053	2814	2053	1966	2109	2052	1591	2385	2897	1243	2388	1633	2058	1966	2051	1799	
2011	2079	1719	2496	1053	2814	2048	1961	2109	2052	1536	2438	2960	1175	2404	1610	2056	1965	2051	1799	
2011	2079	1719	2496	1053	2813	2045	1959	2109	2052	1472	2499	3025	1100	2416	1587	2056	1965	2050	1799	
2011	2079	1719	2496	1052	2814	2045	1957	2109	2051	1400	2571	3094	1019	2423	1567	2057	1966	2050	1799	
2011	2078	1719	2496	1053	2814	2045	1957	2109	2051	1324	2649	3164	934	2427	1549	2059	1966	2050	1799	
2011	2078	1719	2496	1053	2814	2046	1958	2109	2052	1247	2729	3234	851	2432	1536	2062	1970	2050	1799	
2010	2079	1719	2496	1052	2814	2050	1959	2109	2053	1172	2811	3301	775	2434	1527	2067	1973	2051	1799	
2010	2078	1719	2496	1053	2814	2054	1961	2109	2056	1106	2889	3361	709	2439	1527	2073	1978	2050	1799	
2010	2078	1719	2496	1053	2813	2062	1965	2109	2062	1053	2957	3411	656	2446	1528	2077	1983	2050	1799	
2010	2078	1719	2496	1053	2814	2069	1972	2109	2071	1018	3004	3448	617	2455	1529	2079	1988	2051	1799	
2011	2078	1718	2497	1053	2814	2076	1978	2106	2077	1011	3023	3467	603	2469	1529	2080	1994	2050	1799	
2010	2079	1716	2496	1053	2814	2083	1985	2104	2077	1021	3020	3469	604	2482	1530	2081	2004	2050	1800	
2011	2078	1716	2496	1053	2814	2090	1992	2102	2076	1030	3013	3474	604	2497	1528	2082	2011	2050	1799	
2011	2078	1715	2496	1053	2814	2098	1999	2101	2076	1041	3005	3481	604	2516	1521	2082	2013	2051	1799	
2011	2078	1715	2496	1053	2814	2108	2007	2102	2076	1055	2993	3489	601	2535	1509	2081	2013	2050	1799	
2011	2078	1715	2496	1053	2814	2119	2014	2102	2076	1075	2979	3497	596	2560	1493	2082	2013	2051	1799	
2011	2078	1715	2496	1052	2814	2131	2021	2102	2075	1100	2960	3501	592	2585	1474	2082	2015	2051	1799	
2011	2078	1715	2496	1053	2813	2144	2027	2102	2074	1130	2936	3502	590	2613	1450	2082	2017	2051	1799	
2011	2078	1715	2496	1053	2814	2158	2032	2102	2074	1165	2907	3502	589	2644	1423	2083	2019	2051	1799	
2011	2078	1715	2496	1052	2814	2174	2036	2102	2074	1208	2873	3501	588	2681	1394	2084	2022	2050	1799	
2011	2078	1715	2496	1053	2814	2189	2042	2103	2074	1259	2832	3502	587	2723	1362	2086	2024	2050	1800	
2011	2077	1715	2496	1053	2814	2201	2048	2106	2075	1314	2787	3502	586	2768	1328	2086	2025	2051	1799	
2011	2078	1716	2496	1052	2814	2210	2055	2112	2075	1373	2740	3503	584	2815	1293	2086	2025	2050	1799	
2011	2078	1715	2496	1052	2814	2212	2059	2120	2075	1424	2698	3506	582	2858	1258	2086	2023	2051	1799	
2012	2078	1716	2496	1053	2814	2209	2059	2126	2076	1454	2666	3511	580	2888	1229	2086	2022	2051	1799	
2012	2078	1715	2496	1053	2814	2203	2057	2126	2076	1461	2649	3514	578	2891	1209	2093	2021	2051	1799	
2010	2077	1715	2496	1053	2814	2195	2052	2124	2076	1456	2646	3520	574	2891	1200	2104	2021	2050	1799	
2010	2077	1714	2496	1053	2814	2191	2047	2124	2075	1457	2642	3520	572	2889	1198	2106	2022	2050	1799	
2010	2078	1714	2497	1053	2814	2190	2047	2123	2074	1460	2640	3520	568	2885	1198	2108	2025	2050	1799	
2010	2078	1714	2496	1053	2814	2188	2045	2123	2074	1461	2639	3520	568	2884	1200	2110	2033	2050	1799	
2009	2078	1714	2496	1052	2814	2188	2046	2121	2075	1461	2639	3520	568	2884	1200	2111	2038	2051	1799	
2010	2078	1714	2497	1053	2814	2188	2047	2122	2075	1460	2640	3520	568	2886	1199	2112	2038	2051	1799	
2010	2078	1714	2496	1053	2814	2187	2046	2121	2075	1460	2640	3520	568	2886	1199	2112	2040	2050	1799	
2009	2078	1714	2496	1053	2814	2187	2046	2121	2075	1461	2639	3520	568	2884	1200	2112	2041	2050	1800	
2010	2078	1714	2497	1053	2814	2185	2044	2122	2076	1463	2637	3520	569	2882	1203	2112	2042	2050	1799	
2010	2078	1714	2496	1053	2814	2184	2044	2122	2076	1465	2634	3520	568	2880	1205	2112	2044	2050	1799	
2010	2078	1714	2497	1053	2814	2183	2043	2122	2076	1466	2633	3520	569	2879	1206	2112	2045	2050	1799	
2010	2078	1714	2496	1052	2814	2182	2042	2122	2076	1466	2632	3520	568	2879	1207	2112	2045	2050	1800	
2009	2078	1714	2496	1053	2814	2182	2042	2123	2076	1467	2632	3520	569	2878	1208	2112	2045	2050	1799	
2010	2078	1714	2496	1053	2814	2182	2043	2123	2076	1467	2631	3520	569	2877	1208	2112	2045	2050	1799	
2010	2078	1714	2496	1053	2814	2182	2042	2123	2076	1467	2631	3520	568	2877	1208	2112	2045	2050	1800	
2010	2078	1714	2496	1052	2814	2182	2042	2122	2076	1467	2630	3520	569	2877	1209	2112	2045	2051	1800	
2010	2078	1714	2496	1053	2814	2181	2042	2123	2076	1467	2631	3518	569	2877	1208	2112	2045	2051	1799	
2010	2078	1714	2496	1053	2814	2180	2043	2122	2076	1467	2631	3520	569	2877	1208	2112	2047	2051	1799	
2010	2078	1714	2496	1053	2814	2180	2043	2122	2076	1467	2631	3520	568	2877	1208	2113	2048	2050	1799	
2010	2078	1714	2496	1053	2814	2179	2042	2122	2077	1467	2630	3520	569	2877	1209	2113	2051	2051	1799	
2010	2078	1714	2496	1053	2813	2178	2042	2122	2077	1467	2630	3520	568	2877	1209	2113	2054	2050	1799	
2010	2078	1714	2496	1053	2814	2178	2042	2122	2078	1467	2630	3520	568	2877	1209	2113	2056	2051	1799	
2010	2078	1714	2496	1053	2814	2177	2041	2122	2079	1467	2630	3520	569	2878	1210	2114	2059	2050	1799	
2010	2078	1714	2496	1053	2814	2177	2040	2122	2079	1467	2630	3520	569	2878	1210	2115	2060	2051	1799	
2010	2078	1714	2496	1053	2814	2177	2040	2122	2079	1467	2630	3520	569	2878	1210	2115	2061	2050	1799	
2010	2078	1714	2497	1053	2814	2177	2040	2122	2080	1467	2629	3520	568	2878	1210	2115	2061	2050	1799	
2010	2078	1714	2497	1053	2814	2177	2040	2122	2080	1467	2630	3520	569	2878	1210	2115	2061	2051	1799	
2009	2078	1714	2496	1053	2814	2177	2040	2122	2080	1467	2629	3520	569	2878	1210	2115	2061	2050	1799	
2010	2078	1714	2496	1053	2814	2177	2040	2122	2079	1467	2630	3520	569	2878	1210	2115	2061	2050	1799	
2010	2078	1714	2496	1053	2814	2177	2040	2122	2080	1466	2630	3520	569	2878	1210	2115	2062	2051	1799	
2010	2078	1714	2496	1052	2814	2177	2040	2122	2080	1467	2629	3520	569	2878	1210	2115	2062	2051	1799	
2010	2078	1714	2496	1053	2814	2177	2040	2122	2080	1467	2630	3520	568	2878	1210	2115	2061	2051	1799	
2010	2078	1714	2496	1052	2814	2177	2040	2122	2079	1467	2629	3520	569	2879	1210	2115	2061	2050	1799	
2010	2078	1714	2496	1053	2814	2177	2040	2121	2080	1467	2630	3520	569	2878	1210	2115	2062	2051	1799	
2010	2078	1714	2496	1053	2814	2177	2040	2122	2080	1467	2630	3520	569	2878	1210	2115	2062	2050	1799	
2010	2078	1714	2497	1053	2814	2177	2040	2122	2080	1467	2629	3520	569	2878	1210	2115	2061	2050	1800	
2009	2078	1714	2496	1053	2814	2177	2040	2122	2079	1467	2630	3520	569	2878	1210	2115	2062	2051	1800	
2010	2078	1714	2496	1053	2814	2177	2040	2122	2080	1467	2630	3520	568	2878	1210	2115	2062	2050	1800	
2010	2078	1714	2496	1053	2814	2177	2040	2122	2080	1467	2630	3520	569	2878	1209	2115	2062	2050	1799	
2010	2079	1714	2496	1053	2814	2177	2040	2122	2080	1466	2629	3520	569	2878	1210	2115	2062	2050	1799	
2010	2078	1714	2496	1053	2813	2177	2039	2122	2080	1467	2630	3520	569	2878	1210	2115	2062	2051	1799	
2010	2078	1714	2496	1053	2814	2177	2040	2122	2079	1466	2630	3518	569	2878	1210	2115	2062	2050	1799	
2010	2078	1714	2496	1053	2813	2177	2040	2122	2080	1467	2630	3520	569	2878	1210	2115	2062	2050	1800	
2010	2078	1714	2496	1053	2814	2177	2040	2122	2080	1467	2630	3520	569	2878	1210	2115	2062	2050	1799	
2010	2078	1714	2496	1053	2814	2177	2040	2122	2080	1467	2630	3520	568	2878	1210	2115	2062	2050	1799	
2010	2078	1714	2496	1052	2814	2177	2040	2122	2080	1467	2630	3520	568	2879	1210	2115	2062	2050	1799	
2010	2078	1714	2497	1053	2814	2177	2040	2122	2079	1467	2630	3520	569	2878	1210	2115	2062	2051	1800	
2010	2078	1714	2496	1053	2814	2177	2040	2122	2080	1467	2630	3520	569	2878	1210	2115	2062	2050	1799	
2010	2078	1714	2496	1053	2814	2177	2040	2121	2080	1467	2630	3520	569	2878	1210	2115	2062	2050	1800	
2009	2078	1714	2496	1053	2814	2177	2040	2122	2080	1466	2630	3520	569	2878	1210	2115	2062	2050	1799	
2010	2078	1714	2496	1053	2814	2177	2040	2122	2080	1467	2629	3520	568	2878	1210	2115	2061	2051	1800	
2010	2078	1714	2496	1053	2814	2177	2040	2122	2080	1467	2629	3520	569	2878	1210	2115	2062	2051	1799	
2010	2078	1714	2496	1053	2814	2177	2040	2122	2080	1467	2630	3520	569	2878	1210	2115	2062	2050	1799	
2010	2078	1714	2496	1053	2814	2177	2040	2121	2080	1467	2630	3520	569	2878	1210	2115	2062	2051	1799	
2010	2078	1714	2497	1053	2813	2176	2040	2122	2080	1467	2630	3520	568	2878	1210	2115	2062	2051	1799	
2010	2078	1714	2496	1053	2814	2177	2040	2122	2080	1467	2629	3520	569	2878	1210	2115	2062	2050	1799	
2010	2078	1714	2496	1052	2814	2177	2040	2122	2080	1467	2629	3520	568	2878	1210	2115	2062	2050	1799	
2009	2078	1714	2496	1053	2814	2176	2039	2122	2080	1467	2629	3520	569	2878	1209	2115	2062	2050	1799	
